#=====================================================
# File created:        Sun-22-Feb-2026-at-06-01-47PM
# Size of lattice:     50x50
# Number of MC steps:  1000
# Reduced temperature: 0.500
# Run time (s):        3.735649
#=====================================================
# MC step:  Ratio:     Energy:   Order:
#=====================================================
   00000    0.5000   -2442.8083  0.2554 
   00001    0.7008   -3699.3674  0.2603 
   00002    0.6160   -4567.0562  0.2645 
   00003    0.5912   -5159.9902  0.2691 
   00004    0.5504   -5514.4448  0.2691 
   00005    0.5352   -5881.5508  0.2838 
   00006    0.5216   -6124.4600  0.2899 
   00007    0.5076   -6309.7808  0.2876 
   00008    0.5020   -6499.1738  0.2982 
   00009    0.5024   -6619.3862  0.2984 
   00010    0.4940   -6744.6021  0.3006 
   00011    0.4680   -6858.7095  0.3146 
   00012    0.4680   -6975.0679  0.3103 
   00013    0.4908   -7088.8584  0.3160 
   00014    0.4628   -7174.9604  0.3230 
   00015    0.4616   -7279.6494  0.3318 
   00016    0.4660   -7336.5278  0.3310 
   00017    0.4604   -7438.5098  0.3353 
   00018    0.4440   -7487.7710  0.3360 
   00019    0.4364   -7515.4277  0.3371 
   00020    0.4532   -7506.4199  0.3373 
   00021    0.4508   -7514.1738  0.3346 
   00022    0.4404   -7578.2896  0.3370 
   00023    0.4516   -7603.6353  0.3359 
   00024    0.4456   -7603.3901  0.3304 
   00025    0.4604   -7621.8887  0.3334 
   00026    0.4428   -7653.8042  0.3373 
   00027    0.4308   -7710.0059  0.3308 
   00028    0.4360   -7747.9136  0.3328 
   00029    0.4544   -7782.2202  0.3247 
   00030    0.4568   -7852.9556  0.3264 
   00031    0.4468   -7852.3701  0.3282 
   00032    0.4092   -7896.4556  0.3279 
   00033    0.4312   -7913.8984  0.3241 
   00034    0.4420   -7907.9385  0.3212 
   00035    0.4484   -7902.8096  0.3130 
   00036    0.4388   -7942.0762  0.3103 
   00037    0.4324   -7947.3950  0.3104 
   00038    0.4168   -8025.0918  0.3127 
   00039    0.4176   -8055.8838  0.3143 
   00040    0.4320   -8082.2261  0.3141 
   00041    0.4184   -8077.2246  0.3124 
   00042    0.4272   -8106.9834  0.3162 
   00043    0.4336   -8093.2871  0.3256 
   00044    0.4336   -8117.5522  0.3307 
   00045    0.4224   -8112.2402  0.3331 
   00046    0.4352   -8143.5967  0.3279 
   00047    0.4264   -8160.9229  0.3314 
   00048    0.4268   -8153.2808  0.3367 
   00049    0.4184   -8182.9224  0.3284 
   00050    0.4316   -8208.5391  0.3279 
   00051    0.4276   -8228.9648  0.3312 
   00052    0.4040   -8225.4346  0.3296 
   00053    0.4152   -8237.3281  0.3361 
   00054    0.4136   -8226.8457  0.3401 
   00055    0.4292   -8263.7383  0.3358 
   00056    0.4328   -8235.3232  0.3350 
   00057    0.4188   -8237.7119  0.3348 
   00058    0.4060   -8254.2949  0.3327 
   00059    0.4372   -8243.2480  0.3353 
   00060    0.4428   -8261.8359  0.3433 
   00061    0.4268   -8288.5020  0.3370 
   00062    0.4192   -8238.5391  0.3366 
   00063    0.4316   -8243.1855  0.3359 
   00064    0.4220   -8223.5527  0.3380 
   00065    0.4300   -8232.7236  0.3329 
   00066    0.4156   -8232.9434  0.3323 
   00067    0.4080   -8273.5352  0.3257 
   00068    0.4184   -8236.8584  0.3228 
   00069    0.4288   -8220.0664  0.3274 
   00070    0.4084   -8245.1328  0.3334 
   00071    0.4280   -8230.3555  0.3378 
   00072    0.4424   -8209.3652  0.3449 
   00073    0.4364   -8247.0020  0.3455 
   00074    0.4508   -8244.4023  0.3499 
   00075    0.4424   -8249.9229  0.3555 
   00076    0.4208   -8249.4062  0.3630 
   00077    0.4236   -8276.9521  0.3612 
   00078    0.4284   -8250.7178  0.3597 
   00079    0.4120   -8226.4268  0.3627 
   00080    0.4356   -8250.0361  0.3548 
   00081    0.4080   -8257.5059  0.3572 
   00082    0.4084   -8257.0010  0.3552 
   00083    0.4028   -8293.8770  0.3621 
   00084    0.4120   -8307.0234  0.3571 
   00085    0.4056   -8309.5381  0.3588 
   00086    0.4280   -8315.8848  0.3596 
   00087    0.4300   -8303.9326  0.3589 
   00088    0.4216   -8327.5586  0.3616 
   00089    0.4128   -8352.7246  0.3641 
   00090    0.4192   -8346.9570  0.3653 
   00091    0.4088   -8325.3145  0.3702 
   00092    0.4108   -8357.8545  0.3700 
   00093    0.4172   -8292.8018  0.3803 
   00094    0.4004   -8333.2559  0.3827 
   00095    0.4280   -8341.3066  0.3857 
   00096    0.4124   -8311.3340  0.3822 
   00097    0.4364   -8261.3994  0.3801 
   00098    0.4172   -8269.6641  0.3755 
   00099    0.4212   -8294.1025  0.3806 
   00100    0.4100   -8286.2773  0.3837 
   00101    0.4408   -8317.4844  0.3809 
   00102    0.4016   -8310.7051  0.3784 
   00103    0.4108   -8308.4092  0.3806 
   00104    0.4164   -8315.1064  0.3830 
   00105    0.4300   -8276.5879  0.3831 
   00106    0.4020   -8307.4463  0.3855 
   00107    0.4096   -8266.5146  0.3872 
   00108    0.4432   -8255.1982  0.3900 
   00109    0.4328   -8234.4619  0.3973 
   00110    0.4372   -8246.3018  0.4011 
   00111    0.4164   -8222.4082  0.3937 
   00112    0.3880   -8248.6504  0.3897 
   00113    0.4064   -8281.8203  0.3865 
   00114    0.4104   -8298.5967  0.3844 
   00115    0.4092   -8276.5752  0.3833 
   00116    0.4324   -8338.3691  0.3821 
   00117    0.4204   -8271.2549  0.3825 
   00118    0.4312   -8312.0820  0.3872 
   00119    0.4224   -8323.2051  0.3855 
   00120    0.4244   -8353.4053  0.3912 
   00121    0.4108   -8336.1094  0.3860 
   00122    0.4160   -8293.6895  0.3954 
   00123    0.4192   -8290.5547  0.3950 
   00124    0.4116   -8265.1299  0.3928 
   00125    0.4340   -8293.7402  0.3936 
   00126    0.4188   -8312.5557  0.3995 
   00127    0.4188   -8288.9414  0.4037 
   00128    0.4120   -8281.9668  0.4081 
   00129    0.4328   -8307.8438  0.4022 
   00130    0.4328   -8295.6924  0.4019 
   00131    0.4228   -8302.4492  0.4047 
   00132    0.4224   -8304.6719  0.4045 
   00133    0.4284   -8272.3086  0.3976 
   00134    0.4304   -8284.1006  0.3951 
   00135    0.4240   -8295.4561  0.3963 
   00136    0.4184   -8313.2119  0.3978 
   00137    0.4244   -8342.4131  0.3974 
   00138    0.4252   -8371.6230  0.3954 
   00139    0.4324   -8329.7461  0.3897 
   00140    0.4184   -8308.4287  0.3876 
   00141    0.4396   -8345.0078  0.3866 
   00142    0.4208   -8368.9160  0.3901 
   00143    0.4220   -8357.7627  0.3871 
   00144    0.4360   -8373.3691  0.3896 
   00145    0.4024   -8303.9922  0.3905 
   00146    0.4124   -8386.3672  0.3879 
   00147    0.4320   -8387.0479  0.3977 
   00148    0.4388   -8408.0332  0.4036 
   00149    0.4144   -8448.0225  0.4069 
   00150    0.4268   -8433.8672  0.4018 
   00151    0.4096   -8428.8662  0.3965 
   00152    0.4180   -8416.2451  0.3965 
   00153    0.4016   -8430.5850  0.4025 
   00154    0.4192   -8373.0586  0.3974 
   00155    0.4400   -8381.5020  0.3960 
   00156    0.4168   -8382.7451  0.3912 
   00157    0.4192   -8338.5391  0.3975 
   00158    0.4156   -8326.9502  0.3936 
   00159    0.4240   -8402.2920  0.3981 
   00160    0.4220   -8364.7383  0.3968 
   00161    0.4112   -8375.5059  0.3958 
   00162    0.4132   -8378.9824  0.3953 
   00163    0.4240   -8363.6211  0.3980 
   00164    0.4092   -8413.9785  0.3979 
   00165    0.4216   -8352.9766  0.3995 
   00166    0.4188   -8372.9912  0.3951 
   00167    0.4180   -8379.2070  0.4032 
   00168    0.3984   -8342.3887  0.4090 
   00169    0.4156   -8343.7617  0.4100 
   00170    0.4096   -8336.4072  0.4110 
   00171    0.4136   -8329.8770  0.4130 
   00172    0.4220   -8287.0977  0.4248 
   00173    0.4228   -8297.1445  0.4237 
   00174    0.4192   -8362.9473  0.4286 
   00175    0.4216   -8334.4268  0.4292 
   00176    0.4212   -8326.9873  0.4323 
   00177    0.4144   -8304.4473  0.4279 
   00178    0.4116   -8362.7666  0.4328 
   00179    0.4240   -8377.7949  0.4351 
   00180    0.4168   -8374.5537  0.4378 
   00181    0.4052   -8392.2070  0.4371 
   00182    0.4228   -8369.3145  0.4364 
   00183    0.4028   -8417.3242  0.4335 
   00184    0.4068   -8409.7607  0.4324 
   00185    0.3988   -8375.3975  0.4323 
   00186    0.4252   -8414.4443  0.4329 
   00187    0.4276   -8441.1729  0.4376 
   00188    0.4184   -8451.8164  0.4337 
   00189    0.4208   -8457.0391  0.4360 
   00190    0.4056   -8434.1006  0.4379 
   00191    0.4016   -8401.6904  0.4395 
   00192    0.4108   -8363.2207  0.4384 
   00193    0.4116   -8403.6787  0.4427 
   00194    0.4284   -8336.6260  0.4396 
   00195    0.4248   -8331.1377  0.4436 
   00196    0.4076   -8342.9795  0.4431 
   00197    0.4204   -8331.7285  0.4445 
   00198    0.4096   -8364.4258  0.4512 
   00199    0.4192   -8423.9668  0.4559 
   00200    0.4188   -8393.5176  0.4584 
   00201    0.4168   -8371.2158  0.4600 
   00202    0.4028   -8370.1904  0.4564 
   00203    0.4228   -8371.7451  0.4582 
   00204    0.4052   -8378.5898  0.4618 
   00205    0.4324   -8344.4600  0.4686 
   00206    0.4212   -8389.0830  0.4745 
   00207    0.4084   -8423.3740  0.4782 
   00208    0.4160   -8421.6328  0.4807 
   00209    0.4372   -8402.2324  0.4791 
   00210    0.4124   -8379.7500  0.4767 
   00211    0.4200   -8416.7871  0.4755 
   00212    0.4068   -8401.1836  0.4765 
   00213    0.4068   -8369.5957  0.4812 
   00214    0.4104   -8381.8936  0.4804 
   00215    0.3988   -8401.4023  0.4842 
   00216    0.4224   -8375.4209  0.4812 
   00217    0.4080   -8422.1729  0.4831 
   00218    0.4244   -8435.1943  0.4826 
   00219    0.4028   -8423.5801  0.4819 
   00220    0.4160   -8432.1816  0.4802 
   00221    0.4016   -8390.7871  0.4737 
   00222    0.4220   -8380.6973  0.4792 
   00223    0.4348   -8387.2725  0.4754 
   00224    0.4104   -8393.2617  0.4757 
   00225    0.4332   -8418.9912  0.4810 
   00226    0.4036   -8409.2832  0.4791 
   00227    0.4176   -8404.5420  0.4734 
   00228    0.4168   -8440.1191  0.4681 
   00229    0.4204   -8439.1982  0.4715 
   00230    0.4176   -8419.9258  0.4745 
   00231    0.3916   -8443.1953  0.4755 
   00232    0.4108   -8467.4053  0.4794 
   00233    0.3928   -8446.7500  0.4843 
   00234    0.4132   -8417.9824  0.4839 
   00235    0.3948   -8395.7119  0.4840 
   00236    0.3988   -8453.8916  0.4760 
   00237    0.4068   -8434.7363  0.4739 
   00238    0.4008   -8427.6172  0.4752 
   00239    0.4168   -8459.9424  0.4702 
   00240    0.4120   -8446.9521  0.4686 
   00241    0.4100   -8419.5283  0.4658 
   00242    0.4096   -8437.0205  0.4612 
   00243    0.4260   -8479.8213  0.4607 
   00244    0.4296   -8476.6182  0.4644 
   00245    0.4088   -8479.1348  0.4690 
   00246    0.4124   -8521.4199  0.4729 
   00247    0.4280   -8499.4941  0.4774 
   00248    0.4248   -8475.4570  0.4815 
   00249    0.3984   -8439.2627  0.4767 
   00250    0.4248   -8402.0996  0.4798 
   00251    0.3912   -8399.1719  0.4812 
   00252    0.4224   -8411.7920  0.4858 
   00253    0.4364   -8409.5645  0.4906 
   00254    0.4332   -8426.7070  0.4913 
   00255    0.4280   -8454.7422  0.4971 
   00256    0.4260   -8452.2998  0.4945 
   00257    0.4000   -8475.8574  0.5013 
   00258    0.4112   -8443.8857  0.4962 
   00259    0.4184   -8479.3740  0.5056 
   00260    0.4176   -8475.9922  0.5096 
   00261    0.4004   -8446.2051  0.5098 
   00262    0.4148   -8478.2617  0.5131 
   00263    0.4100   -8462.0713  0.5112 
   00264    0.4096   -8453.3828  0.5103 
   00265    0.3780   -8477.0527  0.5066 
   00266    0.4044   -8481.1484  0.5067 
   00267    0.4132   -8453.6914  0.4999 
   00268    0.4088   -8490.0244  0.5013 
   00269    0.3940   -8485.8682  0.5019 
   00270    0.4152   -8456.4727  0.5029 
   00271    0.4188   -8489.3193  0.5089 
   00272    0.4136   -8434.1299  0.5103 
   00273    0.4268   -8435.5518  0.5139 
   00274    0.4148   -8452.0059  0.5169 
   00275    0.3988   -8443.0205  0.5167 
   00276    0.4180   -8403.5820  0.5100 
   00277    0.4240   -8378.5586  0.5068 
   00278    0.4092   -8412.1309  0.5035 
   00279    0.4276   -8410.4111  0.5035 
   00280    0.4052   -8436.3740  0.5019 
   00281    0.4196   -8495.5781  0.5033 
   00282    0.3968   -8501.2617  0.5071 
   00283    0.3944   -8482.7627  0.5096 
   00284    0.4184   -8465.3691  0.5119 
   00285    0.4116   -8467.1211  0.5098 
   00286    0.4076   -8444.6484  0.5098 
   00287    0.4124   -8463.2783  0.5126 
   00288    0.4184   -8476.0654  0.5179 
   00289    0.4228   -8500.0039  0.5230 
   00290    0.4188   -8518.6729  0.5189 
   00291    0.4188   -8506.0449  0.5169 
   00292    0.4072   -8466.7988  0.5164 
   00293    0.4192   -8459.6143  0.5115 
   00294    0.4212   -8511.6680  0.5147 
   00295    0.4084   -8507.3623  0.5229 
   00296    0.3912   -8535.2861  0.5273 
   00297    0.4144   -8573.6113  0.5309 
   00298    0.4240   -8558.6807  0.5229 
   00299    0.4124   -8600.0361  0.5211 
   00300    0.3876   -8548.2344  0.5243 
   00301    0.4120   -8508.2559  0.5310 
   00302    0.4116   -8546.6562  0.5248 
   00303    0.4088   -8531.2627  0.5278 
   00304    0.4220   -8494.0615  0.5292 
   00305    0.4096   -8498.4863  0.5313 
   00306    0.4104   -8517.5781  0.5329 
   00307    0.4212   -8472.3896  0.5369 
   00308    0.4116   -8490.3018  0.5334 
   00309    0.3980   -8522.7891  0.5337 
   00310    0.3972   -8470.9639  0.5323 
   00311    0.4092   -8497.0986  0.5325 
   00312    0.4032   -8478.2148  0.5289 
   00313    0.4052   -8494.3623  0.5327 
   00314    0.4028   -8489.2412  0.5332 
   00315    0.4044   -8482.6943  0.5271 
   00316    0.4208   -8492.1289  0.5259 
   00317    0.3992   -8503.5791  0.5238 
   00318    0.4064   -8443.8125  0.5183 
   00319    0.4276   -8409.3125  0.5185 
   00320    0.3980   -8421.8018  0.5243 
   00321    0.4128   -8419.4189  0.5260 
   00322    0.4244   -8448.0049  0.5227 
   00323    0.4156   -8448.0850  0.5251 
   00324    0.4092   -8476.6113  0.5304 
   00325    0.4012   -8439.2646  0.5309 
   00326    0.3964   -8470.2168  0.5391 
   00327    0.4052   -8415.4033  0.5402 
   00328    0.4156   -8448.3584  0.5353 
   00329    0.4020   -8439.5156  0.5351 
   00330    0.4112   -8429.9150  0.5392 
   00331    0.4080   -8472.6016  0.5398 
   00332    0.4160   -8430.8330  0.5369 
   00333    0.4064   -8457.7051  0.5339 
   00334    0.4028   -8476.1865  0.5355 
   00335    0.4112   -8437.1201  0.5424 
   00336    0.4000   -8412.2939  0.5429 
   00337    0.4252   -8400.1445  0.5457 
   00338    0.4100   -8392.7754  0.5455 
   00339    0.4272   -8385.6973  0.5474 
   00340    0.4264   -8389.1777  0.5523 
   00341    0.3988   -8410.3486  0.5522 
   00342    0.4100   -8428.8223  0.5613 
   00343    0.4204   -8489.0234  0.5550 
   00344    0.4116   -8482.8311  0.5488 
   00345    0.4240   -8460.6406  0.5419 
   00346    0.4104   -8482.7656  0.5434 
   00347    0.4060   -8496.6377  0.5401 
   00348    0.4172   -8538.6475  0.5408 
   00349    0.4220   -8559.2148  0.5441 
   00350    0.3996   -8540.4336  0.5438 
   00351    0.4004   -8494.1846  0.5415 
   00352    0.3996   -8470.0664  0.5437 
   00353    0.4116   -8453.8203  0.5475 
   00354    0.4132   -8418.3730  0.5409 
   00355    0.4084   -8410.1738  0.5461 
   00356    0.4056   -8458.6875  0.5503 
   00357    0.4060   -8444.5078  0.5469 
   00358    0.4040   -8449.4941  0.5529 
   00359    0.4144   -8459.4590  0.5464 
   00360    0.4136   -8497.6504  0.5451 
   00361    0.4216   -8475.3750  0.5430 
   00362    0.4120   -8492.9814  0.5359 
   00363    0.4180   -8492.0244  0.5359 
   00364    0.4112   -8481.8232  0.5345 
   00365    0.4232   -8470.7207  0.5381 
   00366    0.4092   -8506.8311  0.5373 
   00367    0.4080   -8487.7510  0.5438 
   00368    0.3956   -8502.6328  0.5423 
   00369    0.4164   -8469.8809  0.5378 
   00370    0.4092   -8486.2305  0.5334 
   00371    0.4140   -8476.8291  0.5421 
   00372    0.4152   -8513.4395  0.5452 
   00373    0.4168   -8513.9834  0.5476 
   00374    0.4224   -8503.2969  0.5392 
   00375    0.4080   -8515.2881  0.5422 
   00376    0.4252   -8477.5459  0.5427 
   00377    0.4164   -8505.4023  0.5436 
   00378    0.4176   -8481.7012  0.5450 
   00379    0.4168   -8492.4375  0.5464 
   00380    0.4200   -8503.8203  0.5482 
   00381    0.4076   -8545.2129  0.5479 
   00382    0.4204   -8525.1514  0.5493 
   00383    0.4124   -8531.0117  0.5480 
   00384    0.4084   -8517.7246  0.5495 
   00385    0.4084   -8502.2305  0.5526 
   00386    0.4196   -8522.3359  0.5568 
   00387    0.4280   -8533.9824  0.5552 
   00388    0.4212   -8572.5781  0.5602 
   00389    0.4128   -8553.8994  0.5558 
   00390    0.4076   -8535.1689  0.5635 
   00391    0.4184   -8529.5303  0.5620 
   00392    0.4088   -8504.2461  0.5622 
   00393    0.4160   -8504.1387  0.5711 
   00394    0.4072   -8519.4795  0.5728 
   00395    0.4032   -8517.7705  0.5694 
   00396    0.4224   -8514.1562  0.5713 
   00397    0.4220   -8543.4639  0.5755 
   00398    0.4108   -8553.9463  0.5796 
   00399    0.4172   -8569.4482  0.5789 
   00400    0.4000   -8601.8369  0.5840 
   00401    0.4076   -8602.3516  0.5868 
   00402    0.4036   -8598.9902  0.5859 
   00403    0.4128   -8605.3086  0.5870 
   00404    0.4040   -8538.6348  0.5870 
   00405    0.4292   -8563.4287  0.5845 
   00406    0.4116   -8557.6201  0.5811 
   00407    0.4144   -8552.6436  0.5783 
   00408    0.3944   -8529.2207  0.5750 
   00409    0.4028   -8506.5469  0.5782 
   00410    0.4120   -8506.1895  0.5811 
   00411    0.4128   -8524.1328  0.5785 
   00412    0.4204   -8515.8682  0.5782 
   00413    0.4112   -8523.3242  0.5806 
   00414    0.4148   -8532.4229  0.5829 
   00415    0.4100   -8456.9990  0.5784 
   00416    0.4104   -8477.0264  0.5778 
   00417    0.4260   -8475.8311  0.5713 
   00418    0.3952   -8470.0254  0.5714 
   00419    0.4016   -8483.7324  0.5722 
   00420    0.4160   -8494.8643  0.5704 
   00421    0.4124   -8529.1260  0.5625 
   00422    0.4096   -8555.5840  0.5665 
   00423    0.4152   -8530.7412  0.5640 
   00424    0.4056   -8526.0293  0.5622 
   00425    0.3988   -8562.0420  0.5579 
   00426    0.4132   -8565.1055  0.5595 
   00427    0.4036   -8565.2139  0.5595 
   00428    0.4232   -8548.6006  0.5550 
   00429    0.4020   -8522.2627  0.5482 
   00430    0.4004   -8537.6855  0.5452 
   00431    0.4396   -8509.9111  0.5500 
   00432    0.4044   -8462.1328  0.5444 
   00433    0.4244   -8492.5430  0.5460 
   00434    0.4116   -8522.5586  0.5493 
   00435    0.4228   -8549.9482  0.5548 
   00436    0.4184   -8528.2324  0.5466 
   00437    0.4128   -8471.9805  0.5435 
   00438    0.4068   -8438.9062  0.5462 
   00439    0.4060   -8444.5107  0.5571 
   00440    0.4128   -8463.0840  0.5551 
   00441    0.4308   -8419.5635  0.5553 
   00442    0.3872   -8463.4971  0.5529 
   00443    0.4064   -8512.6973  0.5561 
   00444    0.4072   -8515.4297  0.5552 
   00445    0.4112   -8487.5508  0.5542 
   00446    0.4136   -8525.7354  0.5466 
   00447    0.4100   -8581.6172  0.5544 
   00448    0.4204   -8537.6289  0.5530 
   00449    0.4148   -8566.5889  0.5623 
   00450    0.4104   -8576.0938  0.5569 
   00451    0.4140   -8510.3701  0.5551 
   00452    0.3936   -8508.7764  0.5528 
   00453    0.3952   -8506.4482  0.5609 
   00454    0.4244   -8483.7559  0.5578 
   00455    0.3908   -8443.8779  0.5609 
   00456    0.4208   -8460.8438  0.5624 
   00457    0.3980   -8461.1562  0.5628 
   00458    0.4108   -8451.5215  0.5655 
   00459    0.4192   -8504.4092  0.5654 
   00460    0.4128   -8506.9551  0.5661 
   00461    0.4256   -8508.0977  0.5696 
   00462    0.3968   -8507.8994  0.5798 
   00463    0.4332   -8525.6943  0.5831 
   00464    0.4156   -8520.6982  0.5799 
   00465    0.4240   -8522.4727  0.5783 
   00466    0.4052   -8511.1006  0.5764 
   00467    0.4024   -8471.6016  0.5772 
   00468    0.4232   -8491.2148  0.5787 
   00469    0.3980   -8492.5518  0.5811 
   00470    0.4096   -8538.9756  0.5872 
   00471    0.4096   -8581.8613  0.5893 
   00472    0.4108   -8542.7559  0.5959 
   00473    0.4060   -8566.6133  0.5967 
   00474    0.4008   -8520.6143  0.5994 
   00475    0.4128   -8559.8945  0.6042 
   00476    0.4060   -8544.6387  0.6061 
   00477    0.4196   -8515.9736  0.6048 
   00478    0.4024   -8434.7822  0.6013 
   00479    0.4012   -8459.2480  0.5999 
   00480    0.4124   -8457.3818  0.6008 
   00481    0.4340   -8488.5977  0.6033 
   00482    0.4096   -8498.4629  0.6001 
   00483    0.4168   -8514.2695  0.6052 
   00484    0.4092   -8505.0479  0.6067 
   00485    0.4152   -8490.6426  0.6035 
   00486    0.4012   -8451.3223  0.6008 
   00487    0.4196   -8480.6992  0.6058 
   00488    0.4184   -8482.4580  0.6016 
   00489    0.4252   -8481.1670  0.6067 
   00490    0.4136   -8518.0840  0.6120 
   00491    0.4176   -8497.2617  0.6150 
   00492    0.4124   -8497.3984  0.6138 
   00493    0.4124   -8500.7451  0.6138 
   00494    0.4108   -8487.7109  0.6146 
   00495    0.4064   -8529.3564  0.6100 
   00496    0.4088   -8530.1934  0.6101 
   00497    0.4120   -8582.6113  0.6138 
   00498    0.3936   -8577.3994  0.6123 
   00499    0.4240   -8599.1953  0.6114 
   00500    0.4016   -8560.4707  0.6114 
   00501    0.4104   -8557.1758  0.6103 
   00502    0.4252   -8517.0215  0.6054 
   00503    0.4324   -8532.8447  0.6139 
   00504    0.4076   -8529.7861  0.6155 
   00505    0.4204   -8597.7393  0.6180 
   00506    0.4308   -8617.5938  0.6244 
   00507    0.4148   -8589.9980  0.6271 
   00508    0.4252   -8590.9756  0.6259 
   00509    0.4196   -8577.1904  0.6255 
   00510    0.4128   -8570.0527  0.6172 
   00511    0.4080   -8570.5811  0.6163 
   00512    0.3960   -8551.5215  0.6139 
   00513    0.4108   -8491.0332  0.6139 
   00514    0.4040   -8495.4199  0.6130 
   00515    0.4036   -8490.0088  0.6179 
   00516    0.4064   -8511.7129  0.6148 
   00517    0.4136   -8531.2891  0.6135 
   00518    0.4104   -8516.8838  0.6167 
   00519    0.4228   -8551.9170  0.6175 
   00520    0.3988   -8547.1396  0.6162 
   00521    0.4160   -8540.3379  0.6129 
   00522    0.4068   -8472.9043  0.6143 
   00523    0.4080   -8489.9932  0.6113 
   00524    0.4288   -8504.4844  0.6148 
   00525    0.4096   -8479.4443  0.6091 
   00526    0.4232   -8436.6387  0.6078 
   00527    0.4124   -8457.3066  0.6051 
   00528    0.4100   -8485.0283  0.6068 
   00529    0.4192   -8517.9688  0.6105 
   00530    0.4132   -8508.9453  0.6054 
   00531    0.4112   -8503.1113  0.6021 
   00532    0.4316   -8492.1729  0.6009 
   00533    0.4248   -8517.2031  0.6012 
   00534    0.4108   -8576.3516  0.5974 
   00535    0.4008   -8536.8096  0.5961 
   00536    0.4000   -8572.7129  0.5937 
   00537    0.4116   -8561.0371  0.5972 
   00538    0.3888   -8516.6230  0.5928 
   00539    0.4128   -8550.4297  0.5937 
   00540    0.3964   -8523.7734  0.5978 
   00541    0.3960   -8519.7871  0.5980 
   00542    0.4196   -8488.0889  0.5981 
   00543    0.4084   -8470.4229  0.5977 
   00544    0.4084   -8521.1377  0.6030 
   00545    0.4100   -8569.0459  0.6085 
   00546    0.4132   -8538.2461  0.6071 
   00547    0.3960   -8526.1494  0.6083 
   00548    0.4112   -8507.5723  0.5989 
   00549    0.4096   -8502.9355  0.6064 
   00550    0.4220   -8453.0771  0.6086 
   00551    0.4052   -8501.3984  0.6153 
   00552    0.4128   -8495.3096  0.6178 
   00553    0.4032   -8498.6719  0.6139 
   00554    0.4152   -8493.1406  0.6185 
   00555    0.4180   -8535.2344  0.6244 
   00556    0.3932   -8533.8340  0.6296 
   00557    0.4204   -8571.0449  0.6241 
   00558    0.3940   -8536.5215  0.6211 
   00559    0.4080   -8525.4717  0.6227 
   00560    0.4260   -8518.0391  0.6185 
   00561    0.4184   -8547.1758  0.6130 
   00562    0.4208   -8538.9521  0.6136 
   00563    0.4096   -8564.4980  0.6138 
   00564    0.4216   -8499.4922  0.6121 
   00565    0.4244   -8504.5918  0.6134 
   00566    0.4056   -8510.2666  0.6165 
   00567    0.4212   -8491.6914  0.6188 
   00568    0.4040   -8490.8291  0.6124 
   00569    0.4036   -8464.3848  0.6068 
   00570    0.4068   -8472.8047  0.6124 
   00571    0.4192   -8509.1162  0.6159 
   00572    0.4216   -8478.2617  0.6121 
   00573    0.4196   -8473.7500  0.6160 
   00574    0.4028   -8517.0391  0.6210 
   00575    0.4168   -8509.7646  0.6246 
   00576    0.4300   -8494.9375  0.6230 
   00577    0.4180   -8497.3682  0.6219 
   00578    0.4020   -8508.0195  0.6264 
   00579    0.4272   -8529.7451  0.6221 
   00580    0.4124   -8536.2041  0.6257 
   00581    0.4104   -8482.1826  0.6190 
   00582    0.4148   -8477.5352  0.6190 
   00583    0.4176   -8517.4287  0.6177 
   00584    0.4016   -8527.3096  0.6235 
   00585    0.4132   -8485.2676  0.6173 
   00586    0.4292   -8523.8994  0.6173 
   00587    0.4172   -8528.9805  0.6200 
   00588    0.4256   -8487.6699  0.6197 
   00589    0.3992   -8528.2656  0.6254 
   00590    0.4060   -8513.1533  0.6211 
   00591    0.4368   -8484.2764  0.6256 
   00592    0.4044   -8475.8525  0.6239 
   00593    0.4232   -8486.2256  0.6272 
   00594    0.4088   -8511.4092  0.6291 
   00595    0.4296   -8507.1738  0.6296 
   00596    0.4056   -8493.7549  0.6286 
   00597    0.4056   -8459.0811  0.6276 
   00598    0.4188   -8454.9248  0.6240 
   00599    0.4156   -8446.7402  0.6254 
   00600    0.4220   -8505.0996  0.6253 
   00601    0.4044   -8505.3672  0.6202 
   00602    0.3972   -8520.8486  0.6286 
   00603    0.4216   -8518.2090  0.6284 
   00604    0.4144   -8514.7402  0.6330 
   00605    0.4116   -8501.2236  0.6324 
   00606    0.4144   -8521.7041  0.6338 
   00607    0.4060   -8493.6152  0.6385 
   00608    0.4100   -8495.6309  0.6371 
   00609    0.4116   -8488.6602  0.6362 
   00610    0.4100   -8511.3398  0.6373 
   00611    0.3984   -8517.7959  0.6333 
   00612    0.4160   -8502.8086  0.6320 
   00613    0.4208   -8465.3887  0.6285 
   00614    0.4116   -8486.9521  0.6302 
   00615    0.4212   -8465.2441  0.6324 
   00616    0.4144   -8487.1006  0.6346 
   00617    0.4156   -8485.7900  0.6314 
   00618    0.4080   -8542.7178  0.6353 
   00619    0.4084   -8563.6104  0.6358 
   00620    0.4032   -8556.4766  0.6322 
   00621    0.4084   -8570.4990  0.6357 
   00622    0.4132   -8546.4512  0.6348 
   00623    0.4296   -8510.0205  0.6330 
   00624    0.4164   -8503.2588  0.6331 
   00625    0.4284   -8533.3135  0.6423 
   00626    0.4100   -8526.4775  0.6380 
   00627    0.4284   -8554.9688  0.6428 
   00628    0.4088   -8567.8291  0.6472 
   00629    0.3916   -8579.4043  0.6519 
   00630    0.4164   -8597.0332  0.6523 
   00631    0.4044   -8590.2588  0.6534 
   00632    0.3940   -8602.1387  0.6514 
   00633    0.4068   -8576.3379  0.6558 
   00634    0.4120   -8531.1357  0.6538 
   00635    0.4088   -8604.7109  0.6594 
   00636    0.4004   -8600.5537  0.6596 
   00637    0.4312   -8593.1934  0.6576 
   00638    0.3916   -8570.8164  0.6576 
   00639    0.4028   -8584.9463  0.6596 
   00640    0.4140   -8583.0186  0.6626 
   00641    0.3972   -8562.7051  0.6695 
   00642    0.4044   -8553.4316  0.6685 
   00643    0.4236   -8588.4678  0.6700 
   00644    0.3952   -8549.3682  0.6662 
   00645    0.4164   -8539.9023  0.6611 
   00646    0.4236   -8506.2158  0.6659 
   00647    0.4184   -8489.4756  0.6654 
   00648    0.4044   -8492.3252  0.6628 
   00649    0.4244   -8538.4893  0.6685 
   00650    0.4048   -8519.6562  0.6725 
   00651    0.4128   -8515.8359  0.6698 
   00652    0.4172   -8590.1543  0.6747 
   00653    0.4184   -8598.7305  0.6831 
   00654    0.4148   -8603.8711  0.6897 
   00655    0.3796   -8607.7637  0.6813 
   00656    0.4172   -8595.7178  0.6813 
   00657    0.4092   -8613.7578  0.6808 
   00658    0.4048   -8540.2637  0.6806 
   00659    0.4216   -8512.3438  0.6823 
   00660    0.4092   -8534.2822  0.6788 
   00661    0.4284   -8529.0312  0.6791 
   00662    0.4240   -8542.8818  0.6823 
   00663    0.3996   -8579.7900  0.6854 
   00664    0.4128   -8582.7930  0.6911 
   00665    0.4092   -8556.2217  0.6938 
   00666    0.3892   -8549.7686  0.6961 
   00667    0.3892   -8548.6689  0.6954 
   00668    0.4052   -8536.7158  0.6953 
   00669    0.3952   -8529.1699  0.6945 
   00670    0.4060   -8517.0020  0.6898 
   00671    0.4072   -8541.7119  0.6880 
   00672    0.3972   -8530.8936  0.6889 
   00673    0.4048   -8526.4629  0.6907 
   00674    0.4040   -8537.5801  0.6895 
   00675    0.4072   -8534.4639  0.6899 
   00676    0.3876   -8532.8242  0.6891 
   00677    0.4068   -8535.8760  0.6880 
   00678    0.4120   -8590.5059  0.6896 
   00679    0.3988   -8599.7500  0.6926 
   00680    0.4124   -8571.1152  0.6917 
   00681    0.4080   -8577.8154  0.6973 
   00682    0.4164   -8551.8076  0.6965 
   00683    0.4100   -8524.7725  0.6941 
   00684    0.4396   -8524.6045  0.6973 
   00685    0.3968   -8548.0264  0.6976 
   00686    0.4080   -8547.1748  0.6998 
   00687    0.4076   -8535.2451  0.7011 
   00688    0.3944   -8551.4863  0.7016 
   00689    0.4216   -8525.0879  0.7005 
   00690    0.3956   -8525.1641  0.7016 
   00691    0.4088   -8549.5645  0.6987 
   00692    0.3912   -8587.3730  0.7014 
   00693    0.4056   -8588.2236  0.6981 
   00694    0.4204   -8600.9795  0.6971 
   00695    0.4224   -8570.3486  0.6943 
   00696    0.4180   -8539.0586  0.6950 
   00697    0.4136   -8540.0967  0.6950 
   00698    0.4196   -8516.2695  0.7005 
   00699    0.4212   -8518.4365  0.7017 
   00700    0.4060   -8497.0889  0.7054 
   00701    0.4192   -8528.2217  0.7061 
   00702    0.4132   -8556.9814  0.7055 
   00703    0.4084   -8569.5820  0.7105 
   00704    0.4120   -8602.2793  0.7100 
   00705    0.4156   -8546.3359  0.7063 
   00706    0.4108   -8546.3389  0.7168 
   00707    0.4108   -8557.2744  0.7152 
   00708    0.4296   -8487.8623  0.7109 
   00709    0.4124   -8516.2148  0.7086 
   00710    0.4056   -8510.0605  0.7094 
   00711    0.4068   -8500.8867  0.7071 
   00712    0.4092   -8536.1670  0.7068 
   00713    0.4188   -8532.4971  0.7100 
   00714    0.4024   -8534.0498  0.7100 
   00715    0.4104   -8509.8623  0.7045 
   00716    0.4224   -8519.2783  0.7057 
   00717    0.4256   -8520.7822  0.6995 
   00718    0.4024   -8526.6426  0.6981 
   00719    0.4100   -8567.0439  0.7004 
   00720    0.4028   -8573.5537  0.6953 
   00721    0.4220   -8554.5654  0.6902 
   00722    0.4140   -8524.8164  0.6952 
   00723    0.4256   -8536.7373  0.6991 
   00724    0.4044   -8508.3027  0.6964 
   00725    0.4168   -8590.9883  0.6997 
   00726    0.4148   -8547.9082  0.7006 
   00727    0.3960   -8547.1738  0.7017 
   00728    0.4252   -8506.5566  0.7077 
   00729    0.3948   -8489.7236  0.7058 
   00730    0.4124   -8533.1904  0.7074 
   00731    0.4092   -8567.0547  0.7090 
   00732    0.4324   -8598.2559  0.7080 
   00733    0.4184   -8534.5498  0.7075 
   00734    0.3960   -8547.9219  0.7079 
   00735    0.4192   -8542.3271  0.7122 
   00736    0.4144   -8514.8926  0.7116 
   00737    0.4160   -8512.7607  0.7129 
   00738    0.4172   -8535.9102  0.7152 
   00739    0.4016   -8581.9004  0.7124 
   00740    0.3980   -8600.5449  0.7132 
   00741    0.4156   -8610.7471  0.7153 
   00742    0.4040   -8546.8467  0.7085 
   00743    0.4012   -8583.9980  0.7119 
   00744    0.4112   -8619.1494  0.7136 
   00745    0.4156   -8583.9795  0.7122 
   00746    0.4100   -8581.2178  0.7134 
   00747    0.4068   -8561.6553  0.7099 
   00748    0.4104   -8623.0830  0.7091 
   00749    0.4256   -8572.6719  0.7083 
   00750    0.4236   -8584.0449  0.7099 
   00751    0.4248   -8588.7920  0.7101 
   00752    0.3956   -8600.6865  0.7110 
   00753    0.4092   -8585.4502  0.7192 
   00754    0.4152   -8554.2031  0.7139 
   00755    0.4260   -8578.9395  0.7134 
   00756    0.4124   -8561.2822  0.7111 
   00757    0.4152   -8580.3682  0.7138 
   00758    0.4120   -8554.7891  0.7138 
   00759    0.4112   -8570.7324  0.7184 
   00760    0.4044   -8540.9248  0.7184 
   00761    0.4096   -8557.3203  0.7200 
   00762    0.4136   -8552.9463  0.7146 
   00763    0.4132   -8570.0264  0.7207 
   00764    0.4032   -8560.8154  0.7184 
   00765    0.4136   -8592.9639  0.7167 
   00766    0.3968   -8547.9131  0.7190 
   00767    0.4204   -8554.0371  0.7177 
   00768    0.4032   -8567.4609  0.7205 
   00769    0.4028   -8577.2900  0.7168 
   00770    0.4120   -8598.8652  0.7185 
   00771    0.4144   -8584.5674  0.7207 
   00772    0.3996   -8593.2021  0.7252 
   00773    0.4100   -8597.8447  0.7273 
   00774    0.4052   -8521.7324  0.7252 
   00775    0.3968   -8551.6797  0.7252 
   00776    0.4108   -8574.1055  0.7281 
   00777    0.4120   -8601.4707  0.7320 
   00778    0.4280   -8582.7129  0.7341 
   00779    0.4168   -8528.5459  0.7334 
   00780    0.4104   -8562.3906  0.7374 
   00781    0.4092   -8580.6650  0.7379 
   00782    0.4108   -8558.1250  0.7421 
   00783    0.4076   -8557.7803  0.7420 
   00784    0.3876   -8546.4619  0.7391 
   00785    0.4204   -8557.7656  0.7359 
   00786    0.3960   -8558.3467  0.7347 
   00787    0.4096   -8531.2393  0.7339 
   00788    0.4116   -8552.6221  0.7340 
   00789    0.4072   -8528.4648  0.7328 
   00790    0.4152   -8544.3662  0.7378 
   00791    0.4160   -8534.1426  0.7389 
   00792    0.4068   -8547.2812  0.7422 
   00793    0.4084   -8557.1797  0.7434 
   00794    0.4216   -8554.4521  0.7461 
   00795    0.4248   -8616.4971  0.7513 
   00796    0.4088   -8620.7021  0.7489 
   00797    0.4004   -8573.8828  0.7489 
   00798    0.4060   -8575.1953  0.7507 
   00799    0.4240   -8590.7607  0.7466 
   00800    0.4032   -8594.4902  0.7426 
   00801    0.4208   -8554.2686  0.7436 
   00802    0.4068   -8528.3115  0.7490 
   00803    0.4232   -8518.5264  0.7509 
   00804    0.4192   -8529.5459  0.7530 
   00805    0.3980   -8553.6436  0.7525 
   00806    0.4112   -8554.3115  0.7536 
   00807    0.4128   -8579.0996  0.7592 
   00808    0.3984   -8543.4219  0.7534 
   00809    0.4200   -8573.6963  0.7519 
   00810    0.4108   -8587.2461  0.7559 
   00811    0.4148   -8603.7422  0.7516 
   00812    0.4048   -8586.5098  0.7543 
   00813    0.4088   -8560.3828  0.7524 
   00814    0.3976   -8557.3965  0.7561 
   00815    0.4112   -8580.6943  0.7593 
   00816    0.4116   -8614.6123  0.7587 
   00817    0.3844   -8592.3086  0.7570 
   00818    0.4096   -8614.5664  0.7564 
   00819    0.4040   -8606.9434  0.7522 
   00820    0.4180   -8590.0176  0.7554 
   00821    0.3984   -8586.1484  0.7567 
   00822    0.4136   -8558.4795  0.7489 
   00823    0.4280   -8560.6201  0.7498 
   00824    0.4124   -8532.5713  0.7492 
   00825    0.4144   -8549.9053  0.7492 
   00826    0.4328   -8505.3604  0.7449 
   00827    0.3964   -8534.9570  0.7474 
   00828    0.4108   -8572.5527  0.7497 
   00829    0.3924   -8553.4414  0.7523 
   00830    0.3944   -8572.8145  0.7590 
   00831    0.4084   -8571.3340  0.7511 
   00832    0.4128   -8530.8643  0.7503 
   00833    0.4308   -8550.8506  0.7571 
   00834    0.4132   -8546.4707  0.7581 
   00835    0.3988   -8540.9443  0.7642 
   00836    0.3996   -8544.8389  0.7652 
   00837    0.4116   -8575.9434  0.7654 
   00838    0.4076   -8592.7402  0.7710 
   00839    0.4044   -8555.7627  0.7675 
   00840    0.4064   -8526.1953  0.7691 
   00841    0.4192   -8578.4766  0.7753 
   00842    0.3928   -8528.0156  0.7721 
   00843    0.4188   -8543.5518  0.7701 
   00844    0.4032   -8570.4863  0.7700 
   00845    0.4064   -8579.0361  0.7726 
   00846    0.3984   -8549.4590  0.7690 
   00847    0.4032   -8550.9004  0.7698 
   00848    0.4140   -8567.6846  0.7681 
   00849    0.4176   -8613.5625  0.7721 
   00850    0.4124   -8590.2588  0.7796 
   00851    0.4116   -8592.5479  0.7787 
   00852    0.4140   -8606.1084  0.7763 
   00853    0.4100   -8578.0127  0.7771 
   00854    0.4176   -8611.4775  0.7803 
   00855    0.4052   -8625.9971  0.7862 
   00856    0.4072   -8612.9053  0.7785 
   00857    0.4000   -8597.8896  0.7842 
   00858    0.4180   -8599.6748  0.7814 
   00859    0.4136   -8594.2441  0.7825 
   00860    0.4096   -8570.6006  0.7843 
   00861    0.3956   -8594.7002  0.7844 
   00862    0.3976   -8555.8955  0.7841 
   00863    0.4056   -8562.9131  0.7823 
   00864    0.4156   -8575.9736  0.7845 
   00865    0.4012   -8547.1943  0.7792 
   00866    0.4124   -8517.2100  0.7775 
   00867    0.4096   -8508.3711  0.7769 
   00868    0.4140   -8541.6680  0.7763 
   00869    0.4020   -8570.2100  0.7779 
   00870    0.4040   -8509.3105  0.7799 
   00871    0.4268   -8554.3486  0.7829 
   00872    0.3924   -8569.5938  0.7832 
   00873    0.4224   -8589.1914  0.7863 
   00874    0.4044   -8554.3369  0.7861 
   00875    0.4096   -8542.3096  0.7868 
   00876    0.4256   -8564.4160  0.7883 
   00877    0.4096   -8562.5576  0.7862 
   00878    0.4012   -8527.3027  0.7869 
   00879    0.4192   -8562.5645  0.7851 
   00880    0.4176   -8511.4092  0.7844 
   00881    0.4052   -8522.3496  0.7825 
   00882    0.4100   -8509.6787  0.7800 
   00883    0.4148   -8497.1543  0.7808 
   00884    0.3904   -8491.0508  0.7781 
   00885    0.4140   -8512.1270  0.7809 
   00886    0.4036   -8492.6426  0.7745 
   00887    0.4188   -8485.8203  0.7712 
   00888    0.3956   -8494.7314  0.7703 
   00889    0.3936   -8537.5078  0.7748 
   00890    0.4212   -8598.9424  0.7746 
   00891    0.4064   -8608.4482  0.7704 
   00892    0.4076   -8628.6064  0.7659 
   00893    0.4108   -8607.4258  0.7632 
   00894    0.3924   -8626.1064  0.7659 
   00895    0.4152   -8603.7441  0.7620 
   00896    0.4288   -8601.6719  0.7577 
   00897    0.3932   -8640.8604  0.7585 
   00898    0.3988   -8614.7314  0.7606 
   00899    0.4024   -8568.6465  0.7612 
   00900    0.4044   -8575.3057  0.7617 
   00901    0.4320   -8612.5596  0.7613 
   00902    0.4148   -8536.4756  0.7550 
   00903    0.3956   -8530.8750  0.7533 
   00904    0.4272   -8561.9238  0.7532 
   00905    0.3896   -8555.8174  0.7564 
   00906    0.4208   -8590.4590  0.7600 
   00907    0.4088   -8632.0137  0.7593 
   00908    0.3756   -8602.1904  0.7578 
   00909    0.4028   -8587.2568  0.7592 
   00910    0.3900   -8601.4277  0.7651 
   00911    0.4192   -8565.4873  0.7606 
   00912    0.3972   -8569.5928  0.7563 
   00913    0.4036   -8522.5146  0.7519 
   00914    0.3968   -8554.8496  0.7562 
   00915    0.4208   -8562.9688  0.7538 
   00916    0.3924   -8593.6055  0.7580 
   00917    0.4100   -8586.4570  0.7561 
   00918    0.3908   -8606.9521  0.7547 
   00919    0.4016   -8599.3525  0.7538 
   00920    0.4000   -8554.8564  0.7526 
   00921    0.4084   -8589.4082  0.7558 
   00922    0.4176   -8539.5342  0.7565 
   00923    0.4120   -8528.2861  0.7569 
   00924    0.4252   -8593.0244  0.7581 
   00925    0.3968   -8629.2002  0.7583 
   00926    0.4016   -8628.1533  0.7582 
   00927    0.4120   -8601.0010  0.7562 
   00928    0.4228   -8559.7861  0.7518 
   00929    0.4136   -8559.0674  0.7546 
   00930    0.4152   -8586.9580  0.7537 
   00931    0.4104   -8585.1172  0.7563 
   00932    0.4172   -8573.7266  0.7566 
   00933    0.4276   -8554.9375  0.7556 
   00934    0.4236   -8561.9326  0.7581 
   00935    0.3872   -8598.7354  0.7583 
   00936    0.4264   -8597.5498  0.7626 
   00937    0.4048   -8577.8271  0.7669 
   00938    0.3948   -8578.7373  0.7658 
   00939    0.4092   -8557.1914  0.7636 
   00940    0.4152   -8534.0723  0.7585 
   00941    0.4008   -8544.5605  0.7567 
   00942    0.4044   -8603.0537  0.7627 
   00943    0.3976   -8613.1465  0.7619 
   00944    0.4120   -8636.5859  0.7626 
   00945    0.4008   -8640.0068  0.7607 
   00946    0.4160   -8567.9961  0.7546 
   00947    0.4156   -8562.6973  0.7600 
   00948    0.4252   -8528.5361  0.7554 
   00949    0.4088   -8486.5020  0.7546 
   00950    0.4016   -8541.4102  0.7560 
   00951    0.4136   -8584.3760  0.7639 
   00952    0.4064   -8559.8359  0.7635 
   00953    0.4204   -8587.9102  0.7620 
   00954    0.4064   -8555.6230  0.7570 
   00955    0.4060   -8553.7783  0.7565 
   00956    0.4020   -8562.7266  0.7547 
   00957    0.4088   -8534.8906  0.7549 
   00958    0.4060   -8556.5020  0.7576 
   00959    0.4140   -8574.6543  0.7525 
   00960    0.4300   -8555.7119  0.7505 
   00961    0.4052   -8544.9561  0.7481 
   00962    0.3964   -8549.7500  0.7547 
   00963    0.3876   -8545.6982  0.7535 
   00964    0.4188   -8488.6465  0.7486 
   00965    0.4132   -8526.9990  0.7533 
   00966    0.4112   -8560.3750  0.7523 
   00967    0.3980   -8579.9463  0.7549 
   00968    0.4040   -8558.2549  0.7555 
   00969    0.4148   -8590.6631  0.7543 
   00970    0.4048   -8595.7549  0.7575 
   00971    0.4112   -8581.1768  0.7541 
   00972    0.4236   -8659.4688  0.7580 
   00973    0.3872   -8634.5342  0.7588 
   00974    0.4180   -8620.7842  0.7606 
   00975    0.4164   -8607.6416  0.7625 
   00976    0.4212   -8609.2734  0.7626 
   00977    0.3960   -8646.7539  0.7659 
   00978    0.3988   -8613.1562  0.7690 
   00979    0.4144   -8580.2998  0.7597 
   00980    0.4212   -8579.8867  0.7628 
   00981    0.4120   -8588.1436  0.7565 
   00982    0.4276   -8541.0273  0.7562 
   00983    0.4064   -8574.5703  0.7558 
   00984    0.4148   -8552.2910  0.7565 
   00985    0.4044   -8561.8711  0.7537 
   00986    0.3940   -8525.4756  0.7532 
   00987    0.4072   -8504.1348  0.7501 
   00988    0.4056   -8500.7129  0.7478 
   00989    0.4132   -8556.1826  0.7531 
   00990    0.4092   -8609.5332  0.7529 
   00991    0.4164   -8582.9971  0.7514 
   00992    0.4180   -8577.5430  0.7544 
   00993    0.3996   -8548.0557  0.7541 
   00994    0.4052   -8527.1533  0.7592 
   00995    0.3996   -8532.7998  0.7615 
   00996    0.4208   -8567.3184  0.7580 
   00997    0.4012   -8611.7539  0.7614 
   00998    0.4124   -8592.0215  0.7581 
   00999    0.4084   -8569.6338  0.7572 
   01000    0.4204   -8596.6143  0.7561 
