#=====================================================
# File created:        Sun-22-Feb-2026-at-06-03-13PM
# Size of lattice:     100x100
# Number of MC steps:  2000
# Reduced temperature: 0.500
# Run time (s):        32.703793
#=====================================================
# MC step:  Ratio:     Energy:   Order:
#=====================================================
   00000    0.5000  -10174.3389  0.2526 
   00001    0.6731  -15008.6602  0.2590 
   00002    0.6194  -18205.6387  0.2571 
   00003    0.5795  -20532.1133  0.2603 
   00004    0.5502  -22208.1465  0.2574 
   00005    0.5356  -23488.2109  0.2584 
   00006    0.5191  -24611.1543  0.2592 
   00007    0.5141  -25482.7754  0.2588 
   00008    0.4953  -26305.8691  0.2552 
   00009    0.4885  -26915.5254  0.2540 
   00010    0.4802  -27479.3652  0.2576 
   00011    0.4677  -27983.4648  0.2573 
   00012    0.4618  -28464.3164  0.2561 
   00013    0.4655  -28790.8281  0.2559 
   00014    0.4567  -29161.5586  0.2533 
   00015    0.4538  -29488.3613  0.2556 
   00016    0.4574  -29770.8594  0.2534 
   00017    0.4569  -29928.2832  0.2551 
   00018    0.4511  -30059.6777  0.2530 
   00019    0.4499  -30257.7402  0.2516 
   00020    0.4534  -30489.7051  0.2526 
   00021    0.4316  -30543.6543  0.2543 
   00022    0.4445  -30740.3340  0.2512 
   00023    0.4481  -30877.2031  0.2546 
   00024    0.4362  -30869.1758  0.2556 
   00025    0.4419  -30930.9297  0.2525 
   00026    0.4442  -31159.3594  0.2511 
   00027    0.4431  -31302.6113  0.2514 
   00028    0.4427  -31320.1621  0.2523 
   00029    0.4437  -31441.8281  0.2557 
   00030    0.4394  -31538.4902  0.2543 
   00031    0.4371  -31659.1562  0.2558 
   00032    0.4284  -31644.6777  0.2550 
   00033    0.4382  -31749.8398  0.2537 
   00034    0.4351  -31761.7793  0.2563 
   00035    0.4396  -31828.3320  0.2564 
   00036    0.4334  -31872.5527  0.2572 
   00037    0.4349  -31963.2109  0.2568 
   00038    0.4296  -32095.2383  0.2577 
   00039    0.4328  -32077.1055  0.2570 
   00040    0.4228  -32097.4902  0.2613 
   00041    0.4253  -32182.6953  0.2595 
   00042    0.4232  -32259.2031  0.2616 
   00043    0.4250  -32259.4707  0.2591 
   00044    0.4225  -32378.1621  0.2608 
   00045    0.4298  -32468.4551  0.2631 
   00046    0.4280  -32498.1641  0.2646 
   00047    0.4266  -32523.9727  0.2647 
   00048    0.4254  -32567.0098  0.2657 
   00049    0.4199  -32645.4434  0.2700 
   00050    0.4182  -32658.5352  0.2708 
   00051    0.4245  -32655.3750  0.2713 
   00052    0.4304  -32720.2949  0.2702 
   00053    0.4299  -32668.6445  0.2712 
   00054    0.4187  -32677.5742  0.2730 
   00055    0.4198  -32710.0801  0.2760 
   00056    0.4180  -32651.7520  0.2767 
   00057    0.4214  -32650.1289  0.2760 
   00058    0.4310  -32674.9375  0.2736 
   00059    0.4199  -32665.6016  0.2703 
   00060    0.4221  -32690.8535  0.2691 
   00061    0.4227  -32727.6953  0.2678 
   00062    0.4160  -32865.7734  0.2684 
   00063    0.4208  -32942.9141  0.2678 
   00064    0.4237  -32893.5586  0.2703 
   00065    0.4199  -32875.5000  0.2666 
   00066    0.4136  -32879.4180  0.2636 
   00067    0.4275  -32832.6367  0.2627 
   00068    0.4176  -32843.3672  0.2620 
   00069    0.4221  -32803.8555  0.2631 
   00070    0.4221  -32883.1641  0.2617 
   00071    0.4233  -32849.2188  0.2608 
   00072    0.4284  -32865.1992  0.2601 
   00073    0.4160  -32884.4219  0.2644 
   00074    0.4212  -32926.5938  0.2662 
   00075    0.4200  -32930.4570  0.2711 
   00076    0.4205  -32934.8867  0.2765 
   00077    0.4241  -32974.6758  0.2783 
   00078    0.4216  -33140.9570  0.2787 
   00079    0.4180  -33005.0664  0.2809 
   00080    0.4192  -33025.3398  0.2785 
   00081    0.4230  -33050.1328  0.2769 
   00082    0.4201  -33029.4531  0.2783 
   00083    0.4224  -33005.3320  0.2812 
   00084    0.4206  -32931.2891  0.2843 
   00085    0.4271  -33026.2422  0.2837 
   00086    0.4090  -33041.8633  0.2853 
   00087    0.4124  -33085.1133  0.2886 
   00088    0.4253  -33088.2930  0.2899 
   00089    0.4122  -33151.3164  0.2882 
   00090    0.4197  -33190.3008  0.2874 
   00091    0.4222  -33227.7617  0.2856 
   00092    0.4169  -33111.9727  0.2863 
   00093    0.4169  -33178.1289  0.2856 
   00094    0.4122  -33094.3125  0.2860 
   00095    0.4224  -33158.7070  0.2840 
   00096    0.4255  -33103.2500  0.2861 
   00097    0.4188  -33160.0977  0.2868 
   00098    0.4216  -33237.5820  0.2903 
   00099    0.4095  -33220.8164  0.2901 
   00100    0.4179  -33186.5039  0.2876 
   00101    0.4203  -33295.9297  0.2893 
   00102    0.4196  -33241.8320  0.2897 
   00103    0.4204  -33219.9180  0.2904 
   00104    0.4178  -33252.3320  0.2943 
   00105    0.4197  -33278.4883  0.2971 
   00106    0.4200  -33336.7266  0.2962 
   00107    0.4142  -33313.2109  0.2958 
   00108    0.4165  -33272.3555  0.2947 
   00109    0.4132  -33233.7539  0.2932 
   00110    0.4149  -33250.2695  0.2934 
   00111    0.4205  -33316.2969  0.2917 
   00112    0.4220  -33345.7695  0.2927 
   00113    0.4197  -33244.0898  0.2931 
   00114    0.4088  -33251.7773  0.2954 
   00115    0.4167  -33252.5898  0.2962 
   00116    0.4210  -33162.3672  0.2945 
   00117    0.4183  -33232.0625  0.2906 
   00118    0.4235  -33314.3867  0.2934 
   00119    0.4123  -33419.2578  0.2923 
   00120    0.4219  -33317.2656  0.2911 
   00121    0.4140  -33290.6211  0.2956 
   00122    0.4176  -33274.0742  0.3022 
   00123    0.4153  -33244.3086  0.3038 
   00124    0.4193  -33253.7070  0.3032 
   00125    0.4178  -33226.4375  0.3012 
   00126    0.4161  -33180.9062  0.2999 
   00127    0.4120  -33167.0039  0.3007 
   00128    0.4165  -33178.2305  0.3030 
   00129    0.4168  -33219.8477  0.3054 
   00130    0.4263  -33282.3125  0.3081 
   00131    0.4238  -33398.1406  0.3040 
   00132    0.4152  -33402.6094  0.3024 
   00133    0.4146  -33514.2734  0.3033 
   00134    0.4161  -33331.4336  0.3016 
   00135    0.4175  -33357.8516  0.3019 
   00136    0.4105  -33373.2383  0.3012 
   00137    0.4189  -33367.6797  0.3013 
   00138    0.4087  -33376.7930  0.2986 
   00139    0.4247  -33336.4062  0.2992 
   00140    0.4222  -33383.2930  0.2956 
   00141    0.4168  -33382.1836  0.2926 
   00142    0.4299  -33426.0664  0.2936 
   00143    0.4199  -33431.6445  0.2965 
   00144    0.4144  -33381.8320  0.2935 
   00145    0.4199  -33266.3203  0.2938 
   00146    0.4158  -33274.2930  0.2925 
   00147    0.4215  -33348.9258  0.2933 
   00148    0.4187  -33373.6094  0.2925 
   00149    0.4197  -33435.9844  0.2951 
   00150    0.4094  -33472.0938  0.2911 
   00151    0.4140  -33403.0352  0.2897 
   00152    0.4207  -33425.2109  0.2883 
   00153    0.4198  -33470.3516  0.2897 
   00154    0.4117  -33527.9648  0.2875 
   00155    0.4110  -33542.6758  0.2878 
   00156    0.4197  -33501.8125  0.2881 
   00157    0.4115  -33556.2305  0.2899 
   00158    0.4129  -33534.8789  0.2924 
   00159    0.4129  -33463.2344  0.2941 
   00160    0.4213  -33487.4414  0.2900 
   00161    0.4173  -33398.9961  0.2912 
   00162    0.4159  -33416.0703  0.2854 
   00163    0.4195  -33471.7070  0.2872 
   00164    0.4163  -33446.4688  0.2899 
   00165    0.4164  -33531.3203  0.2897 
   00166    0.4058  -33432.9883  0.2921 
   00167    0.4177  -33513.7461  0.2963 
   00168    0.4187  -33522.2344  0.2978 
   00169    0.4135  -33558.1367  0.2951 
   00170    0.4180  -33586.6367  0.2954 
   00171    0.4164  -33662.9102  0.2966 
   00172    0.4269  -33597.0234  0.2978 
   00173    0.4077  -33578.0508  0.2960 
   00174    0.4127  -33510.7578  0.2959 
   00175    0.4216  -33458.1758  0.2920 
   00176    0.4208  -33559.6250  0.2888 
   00177    0.4197  -33465.4688  0.2879 
   00178    0.4153  -33532.6523  0.2899 
   00179    0.4167  -33605.5859  0.2912 
   00180    0.4176  -33670.0898  0.2923 
   00181    0.4271  -33727.6797  0.2947 
   00182    0.4081  -33679.7969  0.2946 
   00183    0.4131  -33621.3672  0.2958 
   00184    0.4117  -33600.0938  0.2975 
   00185    0.4168  -33658.2539  0.2984 
   00186    0.4131  -33598.7070  0.2942 
   00187    0.4151  -33583.1719  0.2949 
   00188    0.4171  -33578.8164  0.2965 
   00189    0.4065  -33573.0391  0.2920 
   00190    0.4124  -33600.9688  0.2928 
   00191    0.4089  -33653.1094  0.2955 
   00192    0.4189  -33557.7188  0.2953 
   00193    0.4171  -33589.3711  0.2955 
   00194    0.4125  -33546.6328  0.2948 
   00195    0.4100  -33591.5430  0.2968 
   00196    0.4125  -33635.6953  0.2978 
   00197    0.4189  -33578.4102  0.2996 
   00198    0.4072  -33595.9141  0.2959 
   00199    0.4258  -33628.3828  0.2926 
   00200    0.4125  -33597.0273  0.2956 
   00201    0.4163  -33627.1836  0.2961 
   00202    0.4124  -33524.7734  0.2957 
   00203    0.4091  -33486.9453  0.2941 
   00204    0.4235  -33571.6875  0.2955 
   00205    0.4223  -33653.4688  0.2961 
   00206    0.4184  -33687.5508  0.2974 
   00207    0.4102  -33672.6641  0.2981 
   00208    0.4164  -33764.4141  0.2985 
   00209    0.4124  -33663.1914  0.2955 
   00210    0.4113  -33621.4609  0.2910 
   00211    0.4152  -33658.5664  0.2877 
   00212    0.4183  -33618.3867  0.2876 
   00213    0.4157  -33658.9727  0.2896 
   00214    0.4114  -33640.9023  0.2904 
   00215    0.4058  -33630.4922  0.2917 
   00216    0.4189  -33548.3594  0.2926 
   00217    0.4245  -33519.3242  0.2937 
   00218    0.4166  -33556.7969  0.2957 
   00219    0.4201  -33618.5625  0.2993 
   00220    0.4145  -33680.7812  0.3001 
   00221    0.4083  -33660.9766  0.3032 
   00222    0.4076  -33692.3945  0.3011 
   00223    0.4189  -33633.9453  0.3021 
   00224    0.4163  -33636.1680  0.3018 
   00225    0.4118  -33624.4336  0.3052 
   00226    0.4209  -33663.4297  0.3066 
   00227    0.4119  -33640.4453  0.3069 
   00228    0.4223  -33664.8672  0.3059 
   00229    0.4097  -33687.3594  0.3060 
   00230    0.4229  -33692.5820  0.3062 
   00231    0.4106  -33725.1055  0.3062 
   00232    0.4133  -33668.1680  0.3062 
   00233    0.4070  -33678.3164  0.3061 
   00234    0.4129  -33615.9414  0.3093 
   00235    0.4202  -33706.2773  0.3116 
   00236    0.4123  -33616.9727  0.3094 
   00237    0.4139  -33584.2656  0.3073 
   00238    0.4208  -33622.1367  0.3089 
   00239    0.4149  -33639.7578  0.3085 
   00240    0.4156  -33600.9844  0.3104 
   00241    0.4184  -33565.6719  0.3133 
   00242    0.4160  -33491.5234  0.3151 
   00243    0.4105  -33514.8008  0.3149 
   00244    0.4155  -33561.8906  0.3131 
   00245    0.4179  -33555.8828  0.3108 
   00246    0.4177  -33577.8984  0.3134 
   00247    0.4162  -33576.4141  0.3152 
   00248    0.4177  -33644.6328  0.3164 
   00249    0.4091  -33699.1797  0.3190 
   00250    0.4199  -33687.0508  0.3197 
   00251    0.4068  -33675.0742  0.3213 
   00252    0.4106  -33645.1602  0.3204 
   00253    0.4124  -33641.0117  0.3217 
   00254    0.4229  -33677.8438  0.3202 
   00255    0.4193  -33694.9805  0.3196 
   00256    0.4246  -33634.6211  0.3218 
   00257    0.4194  -33612.4883  0.3223 
   00258    0.4194  -33657.2422  0.3228 
   00259    0.4139  -33696.0781  0.3224 
   00260    0.4175  -33785.3125  0.3227 
   00261    0.4161  -33839.3672  0.3231 
   00262    0.4171  -33764.0703  0.3260 
   00263    0.4128  -33741.0586  0.3261 
   00264    0.4138  -33802.5586  0.3260 
   00265    0.4105  -33783.5938  0.3236 
   00266    0.4209  -33843.1875  0.3274 
   00267    0.4107  -33759.1055  0.3272 
   00268    0.4104  -33788.0430  0.3282 
   00269    0.4107  -33749.6758  0.3286 
   00270    0.4097  -33847.9844  0.3282 
   00271    0.4093  -33835.8203  0.3262 
   00272    0.4165  -33788.8984  0.3269 
   00273    0.4063  -33711.2305  0.3302 
   00274    0.4117  -33789.9297  0.3291 
   00275    0.4199  -33808.2539  0.3279 
   00276    0.4159  -33848.5195  0.3297 
   00277    0.4083  -33791.9297  0.3308 
   00278    0.4038  -33816.8945  0.3316 
   00279    0.4185  -33843.7266  0.3331 
   00280    0.4015  -33937.5742  0.3338 
   00281    0.4047  -33771.5430  0.3341 
   00282    0.4163  -33779.8516  0.3339 
   00283    0.4168  -33768.3086  0.3303 
   00284    0.4126  -33793.1719  0.3351 
   00285    0.4137  -33803.2266  0.3404 
   00286    0.4137  -33779.4336  0.3383 
   00287    0.4233  -33846.3906  0.3373 
   00288    0.4094  -33838.6523  0.3367 
   00289    0.4170  -33833.9102  0.3340 
   00290    0.4146  -33866.3867  0.3336 
   00291    0.4097  -33891.2188  0.3341 
   00292    0.4198  -33884.6094  0.3340 
   00293    0.4120  -33912.8828  0.3345 
   00294    0.4136  -33796.7305  0.3338 
   00295    0.4203  -33798.7383  0.3292 
   00296    0.4191  -33847.4766  0.3308 
   00297    0.4168  -33831.8555  0.3258 
   00298    0.4121  -33833.2734  0.3240 
   00299    0.4108  -33794.6406  0.3240 
   00300    0.4110  -33772.3008  0.3235 
   00301    0.4192  -33802.0078  0.3238 
   00302    0.4213  -33821.0391  0.3198 
   00303    0.4094  -33816.7578  0.3141 
   00304    0.4204  -33803.4922  0.3160 
   00305    0.4098  -33791.4141  0.3145 
   00306    0.4064  -33778.5742  0.3101 
   00307    0.4064  -33730.3242  0.3114 
   00308    0.4083  -33751.5508  0.3081 
   00309    0.4121  -33848.4922  0.3092 
   00310    0.4140  -33818.7070  0.3086 
   00311    0.4152  -33788.3438  0.3058 
   00312    0.4184  -33817.5078  0.3047 
   00313    0.4166  -33784.9375  0.3030 
   00314    0.4214  -33802.0898  0.3013 
   00315    0.4065  -33851.5000  0.3013 
   00316    0.4138  -33785.0781  0.2980 
   00317    0.4053  -33846.9531  0.3001 
   00318    0.4139  -33883.1133  0.3030 
   00319    0.4176  -33835.4180  0.3011 
   00320    0.4108  -33787.4766  0.3038 
   00321    0.4183  -33723.5820  0.3043 
   00322    0.4184  -33765.5938  0.3082 
   00323    0.4141  -33663.5430  0.3127 
   00324    0.4126  -33796.5430  0.3149 
   00325    0.4173  -33737.4375  0.3167 
   00326    0.4175  -33778.3242  0.3179 
   00327    0.4134  -33849.2930  0.3242 
   00328    0.4162  -33816.5234  0.3262 
   00329    0.4079  -33839.1133  0.3222 
   00330    0.4100  -33814.4023  0.3209 
   00331    0.4101  -33812.9219  0.3226 
   00332    0.4094  -33835.4375  0.3233 
   00333    0.4138  -33895.6094  0.3228 
   00334    0.4063  -33857.4492  0.3246 
   00335    0.4105  -33892.6719  0.3230 
   00336    0.4075  -33817.7031  0.3232 
   00337    0.4146  -33820.2812  0.3201 
   00338    0.4066  -33781.7383  0.3218 
   00339    0.4180  -33776.0312  0.3244 
   00340    0.4120  -33755.2188  0.3253 
   00341    0.4150  -33762.6055  0.3259 
   00342    0.4194  -33805.8945  0.3252 
   00343    0.4160  -33812.4102  0.3249 
   00344    0.4189  -33785.7188  0.3254 
   00345    0.4145  -33817.3711  0.3290 
   00346    0.4178  -33705.9062  0.3320 
   00347    0.4123  -33775.0977  0.3301 
   00348    0.4158  -33727.1094  0.3325 
   00349    0.4165  -33793.3008  0.3329 
   00350    0.4038  -33869.2188  0.3329 
   00351    0.4106  -33873.5664  0.3284 
   00352    0.4153  -33799.9961  0.3270 
   00353    0.4161  -33832.5234  0.3269 
   00354    0.4110  -33870.1641  0.3287 
   00355    0.4111  -33913.7461  0.3327 
   00356    0.4191  -33848.3516  0.3292 
   00357    0.4128  -33785.0898  0.3290 
   00358    0.4084  -33798.0508  0.3313 
   00359    0.4101  -33707.8906  0.3342 
   00360    0.4083  -33839.6953  0.3343 
   00361    0.4109  -33776.6172  0.3360 
   00362    0.4010  -33764.8945  0.3380 
   00363    0.4140  -33808.6133  0.3379 
   00364    0.4133  -33842.3984  0.3385 
   00365    0.4142  -33867.2617  0.3383 
   00366    0.4132  -33902.2891  0.3421 
   00367    0.4171  -33946.0781  0.3428 
   00368    0.4126  -33958.4844  0.3406 
   00369    0.4041  -33905.2266  0.3414 
   00370    0.4086  -33932.9492  0.3403 
   00371    0.4154  -33985.7539  0.3432 
   00372    0.4082  -33934.1758  0.3402 
   00373    0.4071  -33883.5234  0.3386 
   00374    0.4176  -33885.3945  0.3361 
   00375    0.4133  -33789.8281  0.3376 
   00376    0.4080  -33780.5391  0.3387 
   00377    0.4161  -33770.9375  0.3324 
   00378    0.4015  -33791.2031  0.3320 
   00379    0.4117  -33734.7812  0.3284 
   00380    0.4155  -33734.0977  0.3330 
   00381    0.4151  -33840.4922  0.3354 
   00382    0.4150  -33788.8945  0.3343 
   00383    0.4082  -33806.7305  0.3354 
   00384    0.4118  -33823.3945  0.3352 
   00385    0.4129  -33777.4180  0.3369 
   00386    0.4260  -33767.6172  0.3376 
   00387    0.4148  -33875.2695  0.3373 
   00388    0.4099  -33969.5664  0.3366 
   00389    0.4067  -33965.9219  0.3396 
   00390    0.4124  -33957.7578  0.3405 
   00391    0.4183  -33906.1680  0.3429 
   00392    0.4066  -33868.5586  0.3456 
   00393    0.4150  -33844.0117  0.3423 
   00394    0.3989  -33948.5625  0.3410 
   00395    0.4144  -33963.7773  0.3419 
   00396    0.4162  -33975.2148  0.3434 
   00397    0.4135  -34000.8242  0.3427 
   00398    0.4175  -34033.8359  0.3434 
   00399    0.4119  -33928.9180  0.3448 
   00400    0.4163  -33852.8594  0.3447 
   00401    0.4123  -33878.7383  0.3463 
   00402    0.4146  -33949.3125  0.3449 
   00403    0.4082  -33983.3477  0.3432 
   00404    0.4116  -33993.6562  0.3444 
   00405    0.4059  -33966.8906  0.3452 
   00406    0.4256  -33958.0195  0.3421 
   00407    0.4269  -33904.3203  0.3441 
   00408    0.4052  -33872.2852  0.3437 
   00409    0.4102  -33877.3906  0.3422 
   00410    0.4148  -33907.5234  0.3449 
   00411    0.4089  -33868.5039  0.3465 
   00412    0.4167  -33787.5273  0.3474 
   00413    0.4184  -33824.6758  0.3518 
   00414    0.4186  -33858.3555  0.3511 
   00415    0.4176  -33869.5039  0.3505 
   00416    0.4180  -33883.8008  0.3546 
   00417    0.4135  -33892.3281  0.3562 
   00418    0.4132  -33830.9531  0.3575 
   00419    0.4133  -33906.6875  0.3576 
   00420    0.4100  -33959.1641  0.3526 
   00421    0.4162  -33933.5195  0.3526 
   00422    0.4087  -33990.4336  0.3497 
   00423    0.4140  -34053.2656  0.3475 
   00424    0.4117  -34067.8516  0.3487 
   00425    0.4039  -34040.3281  0.3492 
   00426    0.4117  -34027.0938  0.3510 
   00427    0.4136  -34049.3320  0.3539 
   00428    0.4058  -33987.8164  0.3525 
   00429    0.4135  -33925.1875  0.3557 
   00430    0.4028  -33880.5469  0.3521 
   00431    0.4106  -33914.8633  0.3563 
   00432    0.4070  -33886.6953  0.3573 
   00433    0.4192  -33847.6484  0.3584 
   00434    0.4090  -33883.4805  0.3558 
   00435    0.4148  -33789.8867  0.3564 
   00436    0.4148  -33883.6992  0.3569 
   00437    0.4082  -33835.7617  0.3547 
   00438    0.4103  -33846.1406  0.3540 
   00439    0.4087  -33933.1367  0.3530 
   00440    0.4165  -34010.3477  0.3524 
   00441    0.4188  -34028.8164  0.3521 
   00442    0.4099  -34014.2305  0.3564 
   00443    0.4059  -33980.3945  0.3561 
   00444    0.4196  -33942.1719  0.3565 
   00445    0.4123  -33938.2266  0.3590 
   00446    0.4048  -33958.6133  0.3595 
   00447    0.4221  -33967.5000  0.3609 
   00448    0.4174  -33963.9297  0.3609 
   00449    0.4127  -34031.5000  0.3613 
   00450    0.4109  -33973.0977  0.3593 
   00451    0.4138  -33936.1406  0.3646 
   00452    0.4152  -33898.7383  0.3690 
   00453    0.4140  -33946.0000  0.3686 
   00454    0.4082  -33903.3047  0.3693 
   00455    0.4101  -33844.0664  0.3660 
   00456    0.4161  -33914.1211  0.3688 
   00457    0.4116  -33982.3398  0.3690 
   00458    0.4131  -34017.3711  0.3703 
   00459    0.4138  -33901.9805  0.3684 
   00460    0.4133  -33887.2344  0.3656 
   00461    0.4176  -33926.4727  0.3693 
   00462    0.4141  -33900.6211  0.3688 
   00463    0.4171  -33876.7148  0.3701 
   00464    0.4141  -33878.6641  0.3703 
   00465    0.4199  -33932.7461  0.3697 
   00466    0.4125  -33886.3633  0.3683 
   00467    0.4043  -33870.1602  0.3684 
   00468    0.4067  -33908.1914  0.3684 
   00469    0.4220  -33862.3672  0.3628 
   00470    0.4081  -33789.3281  0.3647 
   00471    0.4133  -33810.7227  0.3630 
   00472    0.4142  -33862.7578  0.3623 
   00473    0.4075  -33854.6680  0.3590 
   00474    0.4126  -33800.8320  0.3628 
   00475    0.4129  -33747.8164  0.3609 
   00476    0.4196  -33805.9961  0.3602 
   00477    0.4079  -33877.3438  0.3602 
   00478    0.4141  -33859.8359  0.3570 
   00479    0.4098  -33863.3750  0.3530 
   00480    0.4179  -33844.3906  0.3549 
   00481    0.4152  -33920.0664  0.3544 
   00482    0.4104  -34000.9648  0.3580 
   00483    0.4108  -33983.0117  0.3572 
   00484    0.4108  -33929.5508  0.3551 
   00485    0.4159  -34042.8477  0.3526 
   00486    0.4125  -34004.9727  0.3556 
   00487    0.4131  -33914.0469  0.3572 
   00488    0.4048  -33970.5859  0.3605 
   00489    0.4121  -33758.9023  0.3602 
   00490    0.4163  -33679.9375  0.3607 
   00491    0.4162  -33734.0586  0.3566 
   00492    0.4088  -33719.7773  0.3559 
   00493    0.4047  -33817.1836  0.3535 
   00494    0.4220  -33764.7266  0.3531 
   00495    0.4080  -33774.6914  0.3527 
   00496    0.4273  -33874.7031  0.3522 
   00497    0.4204  -33917.7031  0.3519 
   00498    0.4148  -33946.1562  0.3547 
   00499    0.4119  -33974.1641  0.3562 
   00500    0.4107  -33973.0508  0.3568 
   00501    0.4096  -33942.0781  0.3591 
   00502    0.4145  -33988.6250  0.3573 
   00503    0.4124  -34071.7773  0.3590 
   00504    0.4185  -33993.4883  0.3593 
   00505    0.4090  -34001.5664  0.3553 
   00506    0.4135  -33986.0977  0.3565 
   00507    0.4187  -33993.5391  0.3551 
   00508    0.4159  -33962.5195  0.3572 
   00509    0.4153  -33864.2539  0.3600 
   00510    0.4175  -33766.3828  0.3582 
   00511    0.4162  -33798.5391  0.3583 
   00512    0.4163  -33765.2539  0.3593 
   00513    0.4186  -33865.9570  0.3602 
   00514    0.4135  -33981.7852  0.3621 
   00515    0.4170  -33953.5898  0.3622 
   00516    0.4161  -33952.1055  0.3639 
   00517    0.4175  -34032.6602  0.3645 
   00518    0.4083  -33958.3945  0.3638 
   00519    0.4106  -33953.6172  0.3629 
   00520    0.4164  -33983.1992  0.3642 
   00521    0.4185  -34004.4492  0.3633 
   00522    0.4123  -34011.9492  0.3664 
   00523    0.4100  -33972.9141  0.3637 
   00524    0.4236  -34033.8633  0.3659 
   00525    0.4114  -34015.8984  0.3655 
   00526    0.4141  -34029.8320  0.3657 
   00527    0.4051  -34071.0820  0.3651 
   00528    0.4082  -34060.6523  0.3607 
   00529    0.4033  -34047.5352  0.3578 
   00530    0.4116  -34013.5078  0.3582 
   00531    0.4111  -34077.5977  0.3604 
   00532    0.4087  -34021.5859  0.3613 
   00533    0.4145  -34092.6719  0.3630 
   00534    0.4124  -34046.8125  0.3632 
   00535    0.4170  -34066.9844  0.3656 
   00536    0.4060  -34084.1797  0.3663 
   00537    0.4100  -34139.8320  0.3683 
   00538    0.4158  -34042.9375  0.3673 
   00539    0.4082  -34032.8984  0.3682 
   00540    0.4117  -34015.7305  0.3712 
   00541    0.4087  -33986.0352  0.3714 
   00542    0.4097  -33954.5000  0.3682 
   00543    0.4096  -34034.9844  0.3679 
   00544    0.4103  -34000.4570  0.3679 
   00545    0.4110  -33979.4531  0.3684 
   00546    0.4108  -34021.7812  0.3691 
   00547    0.4115  -34102.8008  0.3696 
   00548    0.4143  -34131.1992  0.3711 
   00549    0.4155  -34116.9609  0.3716 
   00550    0.4147  -34061.9414  0.3672 
   00551    0.4114  -34099.3594  0.3670 
   00552    0.4148  -34132.1758  0.3707 
   00553    0.4085  -34057.9492  0.3685 
   00554    0.4014  -34092.7969  0.3696 
   00555    0.4165  -34074.3828  0.3706 
   00556    0.4188  -34029.4961  0.3723 
   00557    0.4060  -34006.2578  0.3690 
   00558    0.4122  -34084.2148  0.3718 
   00559    0.4142  -34029.8398  0.3749 
   00560    0.4140  -34055.0781  0.3753 
   00561    0.4133  -34119.5391  0.3772 
   00562    0.4140  -34069.8516  0.3775 
   00563    0.4153  -34114.3281  0.3760 
   00564    0.4129  -34118.5664  0.3782 
   00565    0.4025  -34123.1406  0.3778 
   00566    0.4094  -34142.9023  0.3784 
   00567    0.4083  -34220.5703  0.3753 
   00568    0.4127  -34097.6836  0.3743 
   00569    0.4082  -34031.3438  0.3750 
   00570    0.4175  -33957.4570  0.3745 
   00571    0.4140  -33888.4453  0.3765 
   00572    0.4046  -33900.9609  0.3792 
   00573    0.4098  -34062.1094  0.3762 
   00574    0.3973  -34058.5391  0.3752 
   00575    0.4048  -34023.6172  0.3738 
   00576    0.4060  -33987.7930  0.3727 
   00577    0.4116  -33978.7266  0.3725 
   00578    0.4094  -33972.1914  0.3766 
   00579    0.4016  -33987.2500  0.3758 
   00580    0.4093  -34001.8125  0.3756 
   00581    0.4193  -33948.5234  0.3765 
   00582    0.4051  -33996.5430  0.3757 
   00583    0.4156  -34027.1211  0.3762 
   00584    0.4167  -34039.8867  0.3776 
   00585    0.4153  -33997.9453  0.3808 
   00586    0.4080  -33921.8984  0.3815 
   00587    0.4061  -33945.8594  0.3834 
   00588    0.4081  -34011.5664  0.3836 
   00589    0.4108  -34027.3281  0.3795 
   00590    0.4201  -34005.6641  0.3797 
   00591    0.4039  -33962.6367  0.3801 
   00592    0.4105  -34000.1406  0.3810 
   00593    0.4129  -33984.1602  0.3820 
   00594    0.4033  -33952.4336  0.3832 
   00595    0.4142  -33874.1680  0.3838 
   00596    0.4131  -33847.3828  0.3835 
   00597    0.4137  -33886.1172  0.3821 
   00598    0.4149  -33852.6797  0.3851 
   00599    0.4144  -33938.1719  0.3866 
   00600    0.4121  -33925.4023  0.3884 
   00601    0.4144  -33958.5000  0.3875 
   00602    0.4139  -34016.4531  0.3892 
   00603    0.4102  -33994.2656  0.3910 
   00604    0.4134  -33962.0039  0.3901 
   00605    0.4073  -34015.2227  0.3914 
   00606    0.4169  -33950.2539  0.3922 
   00607    0.4106  -33981.0977  0.3910 
   00608    0.4178  -33952.8906  0.3883 
   00609    0.4112  -33856.5469  0.3902 
   00610    0.4122  -33801.6523  0.3917 
   00611    0.4204  -33776.1250  0.3932 
   00612    0.4125  -33717.1875  0.3925 
   00613    0.4157  -33816.3438  0.3921 
   00614    0.4141  -33773.8477  0.3940 
   00615    0.4084  -33767.7070  0.3913 
   00616    0.4162  -33789.0508  0.3916 
   00617    0.4117  -33896.9648  0.3932 
   00618    0.4163  -33928.2266  0.3924 
   00619    0.4226  -33961.1406  0.3882 
   00620    0.4108  -33986.3164  0.3903 
   00621    0.4096  -34018.6484  0.3889 
   00622    0.4093  -33949.3633  0.3899 
   00623    0.4075  -33808.1758  0.3915 
   00624    0.4203  -33831.5859  0.3889 
   00625    0.4142  -33870.4570  0.3899 
   00626    0.4083  -33864.8555  0.3917 
   00627    0.4188  -33939.9492  0.3882 
   00628    0.4169  -33892.4492  0.3886 
   00629    0.4081  -33907.2617  0.3866 
   00630    0.4126  -33926.8164  0.3855 
   00631    0.4144  -34026.6641  0.3864 
   00632    0.4127  -34098.4453  0.3855 
   00633    0.4077  -34108.8867  0.3856 
   00634    0.4036  -33990.3203  0.3836 
   00635    0.4106  -34066.4922  0.3815 
   00636    0.4155  -33983.2227  0.3812 
   00637    0.4101  -34027.4141  0.3796 
   00638    0.4112  -34037.1094  0.3796 
   00639    0.4143  -34089.9062  0.3799 
   00640    0.4101  -33992.2148  0.3812 
   00641    0.4178  -33907.7305  0.3814 
   00642    0.4207  -33875.7500  0.3801 
   00643    0.4108  -33953.5781  0.3791 
   00644    0.4080  -34014.5156  0.3807 
   00645    0.4106  -33884.6484  0.3798 
   00646    0.4152  -33966.7148  0.3777 
   00647    0.4082  -34001.5820  0.3784 
   00648    0.4207  -34036.0469  0.3768 
   00649    0.4059  -34025.3477  0.3772 
   00650    0.4091  -34139.2969  0.3803 
   00651    0.4139  -34205.4219  0.3792 
   00652    0.4119  -34126.5859  0.3781 
   00653    0.4118  -34190.9102  0.3779 
   00654    0.4157  -34106.0586  0.3733 
   00655    0.4195  -34077.4023  0.3727 
   00656    0.4058  -34048.6328  0.3715 
   00657    0.4016  -34120.8477  0.3742 
   00658    0.4117  -34052.4922  0.3716 
   00659    0.4153  -34126.5625  0.3668 
   00660    0.4121  -34030.3555  0.3640 
   00661    0.4136  -34018.1953  0.3633 
   00662    0.4046  -34082.0352  0.3593 
   00663    0.4122  -34055.8594  0.3596 
   00664    0.4078  -34095.4297  0.3640 
   00665    0.4093  -34009.5000  0.3641 
   00666    0.4037  -33984.7461  0.3636 
   00667    0.4053  -33965.0742  0.3656 
   00668    0.4088  -33943.6719  0.3655 
   00669    0.4045  -33885.5938  0.3681 
   00670    0.4083  -33919.0625  0.3694 
   00671    0.4112  -33943.6406  0.3673 
   00672    0.4132  -33972.4609  0.3692 
   00673    0.4083  -34062.2148  0.3696 
   00674    0.4146  -34122.2734  0.3681 
   00675    0.4096  -33965.7305  0.3685 
   00676    0.4053  -33896.7578  0.3652 
   00677    0.4081  -33920.6562  0.3658 
   00678    0.4173  -33902.5820  0.3662 
   00679    0.4194  -33842.8203  0.3662 
   00680    0.4062  -33958.1484  0.3698 
   00681    0.4107  -33975.6914  0.3668 
   00682    0.4193  -33970.0625  0.3647 
   00683    0.4110  -33954.7227  0.3672 
   00684    0.4152  -34064.7656  0.3678 
   00685    0.4136  -34093.3711  0.3680 
   00686    0.4108  -34042.6211  0.3670 
   00687    0.4097  -33971.5703  0.3661 
   00688    0.4245  -33982.0508  0.3678 
   00689    0.4108  -34002.0391  0.3670 
   00690    0.4097  -33916.6055  0.3663 
   00691    0.4138  -33877.1250  0.3639 
   00692    0.4206  -33930.5547  0.3672 
   00693    0.4027  -33991.0742  0.3692 
   00694    0.4073  -33961.7148  0.3698 
   00695    0.4095  -33951.7266  0.3690 
   00696    0.4154  -33960.8984  0.3678 
   00697    0.4135  -33989.2266  0.3655 
   00698    0.4146  -34091.4336  0.3669 
   00699    0.4097  -34058.1953  0.3670 
   00700    0.4079  -34022.2383  0.3688 
   00701    0.4127  -33933.3672  0.3693 
   00702    0.4181  -33860.5469  0.3710 
   00703    0.4118  -33866.9609  0.3701 
   00704    0.4115  -33851.2695  0.3697 
   00705    0.4118  -33876.1289  0.3703 
   00706    0.4134  -33923.9414  0.3698 
   00707    0.4127  -33824.6328  0.3666 
   00708    0.4114  -33834.7812  0.3666 
   00709    0.4122  -33874.4727  0.3680 
   00710    0.4115  -33941.8086  0.3695 
   00711    0.4014  -33914.6836  0.3692 
   00712    0.4157  -33905.6406  0.3679 
   00713    0.4158  -33945.0000  0.3704 
   00714    0.4121  -33941.3789  0.3753 
   00715    0.4134  -33993.1523  0.3752 
   00716    0.4138  -34059.3867  0.3740 
   00717    0.4104  -34068.8789  0.3765 
   00718    0.4102  -34042.8125  0.3774 
   00719    0.4078  -34083.5352  0.3781 
   00720    0.4148  -34132.4844  0.3761 
   00721    0.4114  -34181.1875  0.3811 
   00722    0.4057  -34177.3750  0.3780 
   00723    0.4131  -34124.4531  0.3779 
   00724    0.4114  -34055.4688  0.3759 
   00725    0.4136  -34068.7148  0.3761 
   00726    0.4046  -34087.5508  0.3757 
   00727    0.4076  -34206.1172  0.3774 
   00728    0.3977  -34112.9492  0.3793 
   00729    0.4144  -34142.8633  0.3815 
   00730    0.4101  -34111.4062  0.3809 
   00731    0.4160  -34126.9805  0.3797 
   00732    0.4152  -34089.6680  0.3805 
   00733    0.4088  -34138.2617  0.3805 
   00734    0.4148  -34114.2227  0.3811 
   00735    0.4071  -34135.8047  0.3819 
   00736    0.4085  -34120.5859  0.3816 
   00737    0.4226  -34073.6602  0.3814 
   00738    0.4076  -34100.8555  0.3812 
   00739    0.4029  -34139.0469  0.3827 
   00740    0.4069  -34066.2812  0.3817 
   00741    0.4114  -34095.5742  0.3827 
   00742    0.4181  -34141.4961  0.3853 
   00743    0.4151  -34087.2109  0.3826 
   00744    0.4028  -34084.3047  0.3802 
   00745    0.4185  -34036.7656  0.3808 
   00746    0.4063  -33962.7344  0.3839 
   00747    0.4037  -34030.3164  0.3829 
   00748    0.4095  -34104.8516  0.3841 
   00749    0.4026  -34086.7305  0.3830 
   00750    0.4086  -34087.7930  0.3857 
   00751    0.4139  -34047.0039  0.3848 
   00752    0.4189  -34019.2266  0.3828 
   00753    0.4147  -33969.1992  0.3848 
   00754    0.4107  -34015.7344  0.3837 
   00755    0.4173  -34010.3047  0.3839 
   00756    0.4137  -33968.5352  0.3827 
   00757    0.4107  -33936.0195  0.3805 
   00758    0.4205  -33940.0977  0.3804 
   00759    0.4072  -33904.6875  0.3770 
   00760    0.4096  -33901.1250  0.3781 
   00761    0.4191  -34008.7188  0.3810 
   00762    0.4123  -33940.7852  0.3765 
   00763    0.4205  -33921.9805  0.3788 
   00764    0.4087  -34094.9492  0.3791 
   00765    0.4088  -34099.0156  0.3791 
   00766    0.4162  -34107.8281  0.3787 
   00767    0.4121  -34014.5508  0.3800 
   00768    0.4103  -33992.2695  0.3820 
   00769    0.4084  -34052.2852  0.3811 
   00770    0.4121  -34149.5859  0.3824 
   00771    0.4051  -34129.3086  0.3800 
   00772    0.4065  -34190.6289  0.3781 
   00773    0.4068  -34167.1484  0.3804 
   00774    0.4149  -34078.2148  0.3799 
   00775    0.4132  -34005.0352  0.3776 
   00776    0.4180  -34002.6641  0.3788 
   00777    0.4130  -33933.4648  0.3796 
   00778    0.4143  -33994.7305  0.3788 
   00779    0.4023  -33955.3242  0.3777 
   00780    0.4020  -33989.7031  0.3758 
   00781    0.4142  -33995.5430  0.3731 
   00782    0.4113  -34003.6719  0.3695 
   00783    0.4126  -34061.9688  0.3702 
   00784    0.4163  -34107.5781  0.3716 
   00785    0.4122  -34092.8164  0.3697 
   00786    0.4096  -34100.6445  0.3724 
   00787    0.4036  -34171.6562  0.3733 
   00788    0.4099  -34061.0703  0.3767 
   00789    0.4068  -34175.0469  0.3745 
   00790    0.4066  -34167.9961  0.3731 
   00791    0.4051  -34122.8594  0.3773 
   00792    0.4023  -34169.3008  0.3776 
   00793    0.4083  -34239.9609  0.3782 
   00794    0.4137  -34170.1562  0.3758 
   00795    0.4077  -34224.3359  0.3768 
   00796    0.4038  -34199.9141  0.3763 
   00797    0.4113  -34109.0078  0.3755 
   00798    0.4059  -34234.6992  0.3777 
   00799    0.4113  -34247.6445  0.3768 
   00800    0.4080  -34232.6172  0.3791 
   00801    0.4115  -34183.5234  0.3787 
   00802    0.4112  -34193.6172  0.3810 
   00803    0.4092  -34199.3281  0.3763 
   00804    0.4151  -34229.4844  0.3766 
   00805    0.4190  -34249.6211  0.3781 
   00806    0.4119  -34192.9531  0.3811 
   00807    0.4171  -34097.3008  0.3818 
   00808    0.4236  -34073.8320  0.3807 
   00809    0.4143  -34085.7773  0.3818 
   00810    0.4141  -34042.8750  0.3811 
   00811    0.4140  -34119.1875  0.3799 
   00812    0.4153  -34049.3672  0.3829 
   00813    0.4076  -33976.2305  0.3825 
   00814    0.4105  -34008.2227  0.3837 
   00815    0.4063  -34036.8867  0.3836 
   00816    0.4116  -34033.3711  0.3857 
   00817    0.4083  -34034.8633  0.3871 
   00818    0.4166  -33985.8789  0.3876 
   00819    0.4125  -33976.7305  0.3874 
   00820    0.4098  -33995.6602  0.3865 
   00821    0.4090  -34016.9336  0.3902 
   00822    0.4194  -33980.2188  0.3897 
   00823    0.4131  -33994.8320  0.3890 
   00824    0.4087  -34017.6094  0.3836 
   00825    0.4048  -33934.2695  0.3818 
   00826    0.4111  -33938.6250  0.3821 
   00827    0.4129  -33933.2031  0.3836 
   00828    0.4160  -33931.1836  0.3849 
   00829    0.4184  -33960.9023  0.3848 
   00830    0.4109  -33974.6992  0.3884 
   00831    0.4144  -33957.4531  0.3915 
   00832    0.4019  -34054.6523  0.3931 
   00833    0.4142  -34029.6016  0.3915 
   00834    0.4037  -34059.3594  0.3909 
   00835    0.4111  -34032.2891  0.3926 
   00836    0.4152  -33975.3008  0.3898 
   00837    0.4100  -34045.5977  0.3893 
   00838    0.4135  -34076.1758  0.3887 
   00839    0.4195  -34011.7930  0.3853 
   00840    0.4137  -33957.9336  0.3872 
   00841    0.4170  -33970.8867  0.3860 
   00842    0.4022  -33903.8164  0.3859 
   00843    0.4158  -33904.6445  0.3860 
   00844    0.4177  -33890.9492  0.3861 
   00845    0.4199  -34015.1172  0.3856 
   00846    0.4059  -34076.1445  0.3852 
   00847    0.4143  -34121.3984  0.3866 
   00848    0.4126  -34120.2031  0.3886 
   00849    0.4082  -34124.9570  0.3891 
   00850    0.4146  -34102.9727  0.3909 
   00851    0.4075  -34227.1055  0.3928 
   00852    0.4101  -34200.4805  0.3937 
   00853    0.4129  -34248.3633  0.3964 
   00854    0.4055  -34188.8633  0.3938 
   00855    0.4172  -34238.4375  0.3932 
   00856    0.4129  -34226.8516  0.3906 
   00857    0.4140  -34154.8828  0.3911 
   00858    0.4108  -34202.7969  0.3915 
   00859    0.4078  -34198.4375  0.3907 
   00860    0.4027  -34297.8906  0.3914 
   00861    0.4052  -34280.0117  0.3884 
   00862    0.4017  -34213.4922  0.3869 
   00863    0.4105  -34242.1914  0.3860 
   00864    0.4161  -34362.1953  0.3852 
   00865    0.4115  -34374.6484  0.3834 
   00866    0.4188  -34306.5898  0.3850 
   00867    0.4125  -34225.1992  0.3878 
   00868    0.4118  -34161.0898  0.3915 
   00869    0.4202  -34234.6719  0.3907 
   00870    0.4176  -34355.8750  0.3923 
   00871    0.4052  -34308.8086  0.3928 
   00872    0.4053  -34255.9336  0.3934 
   00873    0.4091  -34202.6328  0.3934 
   00874    0.4124  -34264.3125  0.3922 
   00875    0.4113  -34214.8516  0.3945 
   00876    0.4082  -34171.5938  0.3952 
   00877    0.4125  -34026.8789  0.3934 
   00878    0.4109  -34060.4570  0.3958 
   00879    0.4119  -34015.2031  0.3951 
   00880    0.4005  -34066.5234  0.3951 
   00881    0.4053  -34085.2500  0.3940 
   00882    0.4158  -34051.9609  0.3929 
   00883    0.4166  -34041.7891  0.3961 
   00884    0.4155  -34065.7148  0.3994 
   00885    0.4172  -33952.4102  0.4011 
   00886    0.4047  -34046.3984  0.4003 
   00887    0.4117  -34062.6680  0.3987 
   00888    0.4080  -34026.7695  0.4000 
   00889    0.4117  -34100.9883  0.4032 
   00890    0.4181  -34096.7773  0.4039 
   00891    0.4080  -34160.5430  0.4062 
   00892    0.4110  -34201.3008  0.4087 
   00893    0.4093  -34114.1445  0.4071 
   00894    0.4125  -34072.6211  0.4090 
   00895    0.4119  -34026.4883  0.4117 
   00896    0.4137  -34087.0547  0.4091 
   00897    0.4140  -34049.0742  0.4086 
   00898    0.4152  -34120.6211  0.4097 
   00899    0.4147  -34148.8555  0.4066 
   00900    0.4025  -34133.4805  0.4038 
   00901    0.4046  -34020.3477  0.4013 
   00902    0.4121  -33991.8672  0.4015 
   00903    0.4177  -34039.1602  0.3980 
   00904    0.4019  -34022.2070  0.3943 
   00905    0.3997  -34058.1484  0.3937 
   00906    0.4101  -34087.9570  0.3922 
   00907    0.4099  -34087.7695  0.3921 
   00908    0.4112  -34032.6758  0.3921 
   00909    0.4099  -34113.6406  0.3913 
   00910    0.4089  -34148.0859  0.3927 
   00911    0.4032  -34128.0859  0.3897 
   00912    0.4172  -34216.5195  0.3900 
   00913    0.4143  -34163.2266  0.3886 
   00914    0.4087  -34143.9688  0.3888 
   00915    0.4119  -34115.8047  0.3869 
   00916    0.4017  -34183.7656  0.3868 
   00917    0.4056  -34209.8867  0.3849 
   00918    0.4072  -34293.0391  0.3854 
   00919    0.4097  -34275.8281  0.3845 
   00920    0.4059  -34237.0781  0.3856 
   00921    0.4185  -34161.9961  0.3844 
   00922    0.4099  -34152.8125  0.3857 
   00923    0.4084  -34090.7617  0.3821 
   00924    0.4098  -34141.0195  0.3828 
   00925    0.4037  -34102.8086  0.3810 
   00926    0.4070  -34119.4219  0.3827 
   00927    0.4181  -34142.0469  0.3808 
   00928    0.4129  -34138.0312  0.3821 
   00929    0.4033  -34078.7852  0.3814 
   00930    0.4162  -34106.7188  0.3806 
   00931    0.4073  -34178.0195  0.3763 
   00932    0.4056  -34120.7930  0.3738 
   00933    0.4123  -34014.2266  0.3759 
   00934    0.4143  -34119.3555  0.3746 
   00935    0.4225  -34157.7734  0.3761 
   00936    0.4102  -34087.8789  0.3732 
   00937    0.4155  -34077.7227  0.3732 
   00938    0.4003  -34035.5625  0.3744 
   00939    0.4136  -33990.6445  0.3762 
   00940    0.4175  -34116.4375  0.3743 
   00941    0.4163  -34073.2578  0.3745 
   00942    0.4096  -34035.6016  0.3721 
   00943    0.4107  -34088.0938  0.3733 
   00944    0.4078  -34099.9258  0.3780 
   00945    0.4140  -34091.3711  0.3769 
   00946    0.4117  -34069.5977  0.3740 
   00947    0.4088  -34090.0469  0.3732 
   00948    0.4057  -34135.1172  0.3696 
   00949    0.4161  -34127.5742  0.3678 
   00950    0.4203  -34166.1250  0.3676 
   00951    0.4034  -34139.8477  0.3695 
   00952    0.4086  -34152.1953  0.3677 
   00953    0.4080  -34148.9023  0.3650 
   00954    0.4221  -34091.8828  0.3653 
   00955    0.4089  -34039.0234  0.3640 
   00956    0.4114  -34042.0859  0.3658 
   00957    0.4097  -34102.8594  0.3682 
   00958    0.4154  -34091.6641  0.3687 
   00959    0.4131  -34182.9414  0.3671 
   00960    0.4116  -34216.5234  0.3645 
   00961    0.4122  -34172.1953  0.3648 
   00962    0.4145  -34144.0078  0.3656 
   00963    0.4229  -34100.4258  0.3629 
   00964    0.4102  -34037.9375  0.3631 
   00965    0.4082  -33940.5273  0.3638 
   00966    0.4161  -33962.5273  0.3655 
   00967    0.4127  -33922.2930  0.3662 
   00968    0.4043  -34041.5469  0.3650 
   00969    0.4022  -34071.5117  0.3670 
   00970    0.4040  -34065.6133  0.3673 
   00971    0.4155  -34122.7539  0.3673 
   00972    0.4109  -34114.0703  0.3656 
   00973    0.4128  -34139.1250  0.3681 
   00974    0.4097  -34141.7539  0.3680 
   00975    0.4042  -34098.6914  0.3652 
   00976    0.4146  -34160.9297  0.3660 
   00977    0.4134  -34036.2500  0.3660 
   00978    0.4073  -34008.3789  0.3685 
   00979    0.4131  -34080.1641  0.3690 
   00980    0.4096  -34044.0586  0.3672 
   00981    0.4104  -34042.6758  0.3713 
   00982    0.4159  -34066.9414  0.3755 
   00983    0.4019  -34094.2578  0.3759 
   00984    0.4217  -34084.4141  0.3740 
   00985    0.4183  -34096.7812  0.3712 
   00986    0.4202  -34051.6484  0.3717 
   00987    0.4121  -33883.1562  0.3713 
   00988    0.4122  -34080.0781  0.3707 
   00989    0.4166  -34097.3320  0.3698 
   00990    0.4151  -34159.8555  0.3674 
   00991    0.4195  -34174.4219  0.3691 
   00992    0.4058  -34143.7812  0.3727 
   00993    0.4086  -34203.3086  0.3749 
   00994    0.4048  -34275.2500  0.3769 
   00995    0.4058  -34331.4336  0.3784 
   00996    0.4100  -34258.7422  0.3768 
   00997    0.4080  -34187.4414  0.3774 
   00998    0.4134  -34148.9492  0.3753 
   00999    0.4095  -34106.6992  0.3794 
   01000    0.4037  -34160.6680  0.3812 
   01001    0.4196  -34134.5898  0.3830 
   01002    0.4082  -34118.7148  0.3822 
   01003    0.3978  -34054.6211  0.3810 
   01004    0.4136  -34086.2070  0.3800 
   01005    0.4177  -33980.9414  0.3793 
   01006    0.4119  -33966.3477  0.3792 
   01007    0.3962  -33946.4102  0.3830 
   01008    0.4116  -34073.2422  0.3840 
   01009    0.4106  -33988.6055  0.3840 
   01010    0.4040  -33933.4336  0.3899 
   01011    0.4177  -33937.5820  0.3921 
   01012    0.4115  -34006.7695  0.3901 
   01013    0.4140  -33997.9727  0.3885 
   01014    0.4044  -34028.0742  0.3861 
   01015    0.4074  -34076.8672  0.3827 
   01016    0.4126  -34065.4883  0.3806 
   01017    0.4124  -34090.6133  0.3810 
   01018    0.4137  -34183.5117  0.3835 
   01019    0.4123  -34251.4141  0.3806 
   01020    0.4172  -34235.8438  0.3816 
   01021    0.4077  -34231.2500  0.3828 
   01022    0.4118  -34148.0273  0.3839 
   01023    0.4200  -34110.9062  0.3836 
   01024    0.4099  -34196.2227  0.3824 
   01025    0.3978  -34167.2656  0.3816 
   01026    0.4170  -34270.5195  0.3828 
   01027    0.4147  -34265.8398  0.3855 
   01028    0.4008  -34330.9531  0.3873 
   01029    0.4015  -34328.2852  0.3855 
   01030    0.4138  -34300.2070  0.3836 
   01031    0.4071  -34286.0352  0.3809 
   01032    0.4109  -34323.3672  0.3791 
   01033    0.4104  -34218.4062  0.3775 
   01034    0.4138  -34259.6875  0.3801 
   01035    0.4224  -34190.5430  0.3801 
   01036    0.4099  -34341.8398  0.3816 
   01037    0.4056  -34253.3320  0.3821 
   01038    0.4090  -34293.9297  0.3814 
   01039    0.4099  -34331.1875  0.3814 
   01040    0.4094  -34287.9297  0.3805 
   01041    0.4098  -34291.5781  0.3816 
   01042    0.4135  -34347.8867  0.3831 
   01043    0.4085  -34358.4062  0.3829 
   01044    0.3929  -34254.9922  0.3804 
   01045    0.4094  -34241.4844  0.3789 
   01046    0.3988  -34302.9219  0.3806 
   01047    0.3996  -34307.6641  0.3806 
   01048    0.4114  -34195.3320  0.3808 
   01049    0.4113  -34118.3008  0.3812 
   01050    0.4171  -34107.0273  0.3800 
   01051    0.4043  -34114.0703  0.3798 
   01052    0.4025  -33978.2031  0.3783 
   01053    0.4138  -33918.3438  0.3761 
   01054    0.4087  -33954.8828  0.3762 
   01055    0.4082  -34037.7734  0.3774 
   01056    0.4124  -34064.6289  0.3756 
   01057    0.4137  -34098.7461  0.3744 
   01058    0.4090  -34100.7148  0.3721 
   01059    0.4073  -34200.4258  0.3729 
   01060    0.4071  -34220.9180  0.3739 
   01061    0.3988  -34178.5000  0.3739 
   01062    0.3978  -34178.7070  0.3770 
   01063    0.4174  -34205.0195  0.3764 
   01064    0.4105  -34093.5586  0.3741 
   01065    0.4175  -34067.7852  0.3763 
   01066    0.4069  -34199.3750  0.3745 
   01067    0.4085  -34303.0312  0.3736 
   01068    0.4035  -34274.8984  0.3735 
   01069    0.4041  -34255.8516  0.3753 
   01070    0.4048  -34182.3203  0.3767 
   01071    0.4117  -34208.6992  0.3747 
   01072    0.4103  -34187.3828  0.3718 
   01073    0.4110  -34146.5586  0.3736 
   01074    0.4179  -33976.7891  0.3739 
   01075    0.4196  -33979.2930  0.3745 
   01076    0.4139  -33950.2344  0.3736 
   01077    0.4156  -34029.9414  0.3739 
   01078    0.4172  -34120.9570  0.3775 
   01079    0.4110  -34083.6836  0.3774 
   01080    0.4189  -34067.8594  0.3817 
   01081    0.4180  -34073.8047  0.3780 
   01082    0.4155  -34083.5781  0.3795 
   01083    0.4078  -34112.9062  0.3800 
   01084    0.4096  -34136.3398  0.3760 
   01085    0.4056  -34180.3359  0.3729 
   01086    0.4089  -34162.9258  0.3720 
   01087    0.4106  -34159.8516  0.3681 
   01088    0.4180  -34123.9023  0.3643 
   01089    0.4086  -34085.6797  0.3636 
   01090    0.4080  -34169.1055  0.3664 
   01091    0.4016  -34201.5781  0.3663 
   01092    0.4159  -34167.8594  0.3665 
   01093    0.4052  -34204.5039  0.3657 
   01094    0.4107  -34218.2031  0.3638 
   01095    0.4106  -34196.7070  0.3635 
   01096    0.4054  -34160.4180  0.3638 
   01097    0.4012  -34103.2852  0.3622 
   01098    0.4000  -34114.4766  0.3619 
   01099    0.4098  -34149.7891  0.3614 
   01100    0.4204  -34173.4180  0.3603 
   01101    0.4111  -34171.6875  0.3615 
   01102    0.4181  -34222.2266  0.3634 
   01103    0.4107  -34181.1797  0.3604 
   01104    0.4144  -34175.6445  0.3644 
   01105    0.4060  -34205.1406  0.3647 
   01106    0.4049  -34157.8594  0.3664 
   01107    0.4179  -34209.8711  0.3670 
   01108    0.4111  -34241.3047  0.3691 
   01109    0.4107  -34144.8281  0.3644 
   01110    0.4067  -34158.8164  0.3631 
   01111    0.4100  -34219.8750  0.3612 
   01112    0.4001  -34267.1758  0.3609 
   01113    0.4084  -34158.8867  0.3628 
   01114    0.4107  -34159.1914  0.3628 
   01115    0.4184  -34148.6992  0.3583 
   01116    0.4135  -34239.5430  0.3572 
   01117    0.4080  -34260.1758  0.3531 
   01118    0.4011  -34210.8203  0.3554 
   01119    0.4005  -34236.8789  0.3578 
   01120    0.4122  -34192.7539  0.3537 
   01121    0.4147  -34248.3945  0.3534 
   01122    0.4103  -34237.2734  0.3556 
   01123    0.4082  -34267.8281  0.3551 
   01124    0.4087  -34306.7656  0.3553 
   01125    0.4052  -34274.1172  0.3562 
   01126    0.4127  -34209.9648  0.3564 
   01127    0.4017  -34180.7695  0.3558 
   01128    0.4074  -34264.0938  0.3569 
   01129    0.4068  -34284.9883  0.3573 
   01130    0.4099  -34258.0078  0.3590 
   01131    0.4154  -34210.4062  0.3608 
   01132    0.4051  -34191.0000  0.3645 
   01133    0.4120  -34172.2461  0.3655 
   01134    0.4022  -34213.5352  0.3655 
   01135    0.4052  -34284.0469  0.3634 
   01136    0.4097  -34273.6406  0.3622 
   01137    0.4112  -34327.0586  0.3618 
   01138    0.4123  -34233.0000  0.3587 
   01139    0.4220  -34208.2500  0.3564 
   01140    0.4023  -34305.3125  0.3578 
   01141    0.4125  -34283.5938  0.3590 
   01142    0.3995  -34238.2227  0.3582 
   01143    0.4025  -34295.5625  0.3592 
   01144    0.4072  -34271.5703  0.3582 
   01145    0.4111  -34334.0156  0.3587 
   01146    0.4094  -34328.3633  0.3563 
   01147    0.4082  -34262.0039  0.3536 
   01148    0.4097  -34319.8164  0.3604 
   01149    0.4159  -34283.3164  0.3587 
   01150    0.4102  -34264.0195  0.3623 
   01151    0.4208  -34198.8594  0.3607 
   01152    0.4076  -34205.9570  0.3588 
   01153    0.4110  -34054.2188  0.3575 
   01154    0.4115  -34100.9648  0.3569 
   01155    0.4112  -34063.9570  0.3542 
   01156    0.4125  -34159.6758  0.3539 
   01157    0.4123  -34183.7969  0.3547 
   01158    0.4125  -34168.0859  0.3557 
   01159    0.4137  -34237.3086  0.3544 
   01160    0.4095  -34171.7930  0.3531 
   01161    0.4027  -34196.7109  0.3540 
   01162    0.4103  -34182.3906  0.3520 
   01163    0.4063  -34158.0195  0.3501 
   01164    0.4091  -34214.8008  0.3540 
   01165    0.4071  -34076.7461  0.3559 
   01166    0.4071  -34099.2812  0.3578 
   01167    0.4068  -34010.7344  0.3562 
   01168    0.4042  -33980.3398  0.3571 
   01169    0.4079  -34062.7812  0.3571 
   01170    0.4123  -34097.7266  0.3548 
   01171    0.4109  -34164.7461  0.3548 
   01172    0.4092  -34210.8945  0.3569 
   01173    0.4086  -34167.7500  0.3550 
   01174    0.4136  -34250.7656  0.3506 
   01175    0.4212  -34215.9492  0.3472 
   01176    0.4155  -34317.7031  0.3492 
   01177    0.4121  -34149.6172  0.3509 
   01178    0.4092  -34205.6406  0.3500 
   01179    0.4175  -34221.2852  0.3522 
   01180    0.4071  -34225.7852  0.3509 
   01181    0.4057  -34207.5977  0.3498 
   01182    0.4204  -34268.8789  0.3474 
   01183    0.4105  -34294.1680  0.3477 
   01184    0.4130  -34288.2812  0.3455 
   01185    0.4078  -34340.5078  0.3429 
   01186    0.4057  -34264.8047  0.3410 
   01187    0.4088  -34186.2852  0.3441 
   01188    0.4095  -34171.6367  0.3445 
   01189    0.4128  -34302.8633  0.3436 
   01190    0.4129  -34296.7656  0.3459 
   01191    0.4046  -34213.3125  0.3431 
   01192    0.4131  -34214.7188  0.3429 
   01193    0.4026  -34241.7578  0.3413 
   01194    0.4158  -34252.0625  0.3445 
   01195    0.4086  -34172.1016  0.3407 
   01196    0.4183  -34179.0156  0.3404 
   01197    0.4102  -34227.7656  0.3403 
   01198    0.4063  -34236.7930  0.3399 
   01199    0.4091  -34246.3945  0.3373 
   01200    0.4093  -34321.9258  0.3354 
   01201    0.4069  -34270.3867  0.3341 
   01202    0.4136  -34242.2031  0.3339 
   01203    0.4050  -34251.6562  0.3361 
   01204    0.4178  -34237.3906  0.3379 
   01205    0.4160  -34233.2852  0.3392 
   01206    0.4075  -34134.4219  0.3358 
   01207    0.4101  -34133.3438  0.3312 
   01208    0.4060  -34127.0117  0.3305 
   01209    0.4104  -34243.4570  0.3300 
   01210    0.4050  -34149.6719  0.3309 
   01211    0.4019  -34167.6445  0.3308 
   01212    0.4161  -34130.8281  0.3283 
   01213    0.4169  -34143.4531  0.3313 
   01214    0.4060  -34201.2070  0.3290 
   01215    0.4185  -34200.7188  0.3262 
   01216    0.4089  -34208.6445  0.3245 
   01217    0.4070  -34225.0508  0.3217 
   01218    0.4069  -34205.5781  0.3195 
   01219    0.4111  -34182.6016  0.3150 
   01220    0.4170  -34201.6719  0.3129 
   01221    0.4073  -34231.5000  0.3138 
   01222    0.4005  -34235.3867  0.3122 
   01223    0.4053  -34299.3633  0.3141 
   01224    0.4105  -34210.7852  0.3143 
   01225    0.4066  -34174.2070  0.3151 
   01226    0.4173  -34211.6523  0.3149 
   01227    0.4069  -34277.7930  0.3156 
   01228    0.4113  -34304.4883  0.3176 
   01229    0.4176  -34249.9375  0.3151 
   01230    0.4124  -34162.7656  0.3158 
   01231    0.4087  -34172.0273  0.3184 
   01232    0.4107  -34245.2109  0.3189 
   01233    0.4100  -34290.2383  0.3139 
   01234    0.4122  -34197.3594  0.3214 
   01235    0.4073  -34168.0586  0.3192 
   01236    0.4090  -34210.8047  0.3172 
   01237    0.4148  -34164.6250  0.3170 
   01238    0.4073  -34110.0625  0.3187 
   01239    0.4029  -34087.5547  0.3173 
   01240    0.4077  -34140.4883  0.3171 
   01241    0.4061  -34154.7773  0.3145 
   01242    0.4040  -34195.8750  0.3141 
   01243    0.4171  -34145.9609  0.3109 
   01244    0.4157  -34152.2773  0.3074 
   01245    0.4208  -34142.0742  0.3062 
   01246    0.4064  -34145.9492  0.3064 
   01247    0.3897  -33994.8750  0.3054 
   01248    0.4144  -34049.1953  0.3084 
   01249    0.4087  -34029.0117  0.3038 
   01250    0.4085  -33966.4922  0.3013 
   01251    0.4147  -34012.0938  0.3014 
   01252    0.4076  -34077.0742  0.2987 
   01253    0.4121  -34026.1641  0.2950 
   01254    0.4126  -34173.1836  0.2972 
   01255    0.4151  -34157.6758  0.2982 
   01256    0.4152  -34153.5859  0.2962 
   01257    0.4156  -34115.6484  0.2992 
   01258    0.4085  -34136.4805  0.3010 
   01259    0.4156  -34152.8164  0.2995 
   01260    0.4166  -34141.9023  0.2988 
   01261    0.4122  -34160.3320  0.2971 
   01262    0.4099  -34143.1562  0.2988 
   01263    0.4100  -34199.1953  0.2958 
   01264    0.4209  -34239.4570  0.2956 
   01265    0.4183  -34249.5156  0.2954 
   01266    0.4058  -34188.4219  0.2961 
   01267    0.4101  -34262.6055  0.2939 
   01268    0.4065  -34260.6289  0.2950 
   01269    0.4062  -34252.3672  0.2975 
   01270    0.4056  -34252.1133  0.2978 
   01271    0.4126  -34312.4883  0.2960 
   01272    0.4053  -34298.5781  0.2983 
   01273    0.4050  -34275.8320  0.2978 
   01274    0.4139  -34228.4336  0.2997 
   01275    0.4113  -34219.0781  0.2976 
   01276    0.4113  -34269.6562  0.2981 
   01277    0.4107  -34227.2500  0.3019 
   01278    0.4009  -34193.3008  0.3050 
   01279    0.4009  -34137.0469  0.3012 
   01280    0.4114  -34165.3945  0.3015 
   01281    0.4169  -34204.8477  0.3004 
   01282    0.4103  -34223.9609  0.3006 
   01283    0.4135  -34197.8984  0.3012 
   01284    0.4079  -34212.4570  0.2993 
   01285    0.4008  -34209.9844  0.3050 
   01286    0.4027  -34265.1836  0.3040 
   01287    0.4149  -34209.9375  0.3036 
   01288    0.4113  -34295.7461  0.3080 
   01289    0.3963  -34261.8281  0.3096 
   01290    0.4140  -34354.1211  0.3083 
   01291    0.4076  -34361.2305  0.3098 
   01292    0.4129  -34311.9688  0.3107 
   01293    0.4084  -34312.7812  0.3087 
   01294    0.4132  -34308.1094  0.3117 
   01295    0.4065  -34218.3242  0.3115 
   01296    0.4113  -34226.9375  0.3074 
   01297    0.4031  -34245.3281  0.3074 
   01298    0.4179  -34167.4961  0.3047 
   01299    0.4130  -34079.3242  0.3056 
   01300    0.4108  -34116.3906  0.3047 
   01301    0.4062  -34090.3281  0.3026 
   01302    0.4051  -34101.6094  0.3047 
   01303    0.4060  -34098.7852  0.3079 
   01304    0.4077  -34106.0742  0.3082 
   01305    0.4143  -34176.1055  0.3055 
   01306    0.4069  -34196.3086  0.3033 
   01307    0.4172  -34181.7148  0.3069 
   01308    0.4088  -34168.6367  0.3053 
   01309    0.4034  -34124.4492  0.3031 
   01310    0.4061  -34083.8945  0.3024 
   01311    0.4136  -34053.9688  0.3010 
   01312    0.4125  -34165.3711  0.2986 
   01313    0.4064  -34152.6523  0.2973 
   01314    0.4148  -34170.5508  0.2990 
   01315    0.4143  -34189.8945  0.2988 
   01316    0.4209  -34157.8242  0.3019 
   01317    0.4116  -34182.5820  0.3013 
   01318    0.3994  -34193.0859  0.3002 
   01319    0.4081  -34225.6797  0.3001 
   01320    0.4065  -34172.2969  0.3017 
   01321    0.4051  -34134.1680  0.3007 
   01322    0.4127  -34152.6953  0.2978 
   01323    0.4115  -34170.7578  0.2953 
   01324    0.4129  -34219.8438  0.2969 
   01325    0.4099  -34341.2266  0.2963 
   01326    0.4042  -34258.7656  0.2949 
   01327    0.4115  -34267.9961  0.2939 
   01328    0.4088  -34262.1562  0.2951 
   01329    0.4162  -34224.4609  0.2968 
   01330    0.3977  -34199.6562  0.2979 
   01331    0.4046  -34208.3281  0.2978 
   01332    0.4096  -34218.6328  0.2961 
   01333    0.4018  -34178.2148  0.2968 
   01334    0.4180  -34100.8984  0.2968 
   01335    0.4119  -34150.4219  0.2956 
   01336    0.4064  -34098.5508  0.2981 
   01337    0.4085  -34082.1758  0.2988 
   01338    0.4092  -34072.0742  0.3006 
   01339    0.4210  -34160.5273  0.2997 
   01340    0.4067  -34179.6719  0.2963 
   01341    0.4030  -34140.3359  0.2935 
   01342    0.4185  -34125.3867  0.2959 
   01343    0.4104  -34198.0117  0.2979 
   01344    0.4093  -34188.5859  0.2980 
   01345    0.3980  -34223.9141  0.2960 
   01346    0.4102  -34133.7344  0.2984 
   01347    0.4192  -34169.3086  0.2958 
   01348    0.4076  -34112.9258  0.2957 
   01349    0.4116  -34179.2227  0.2913 
   01350    0.4098  -34293.8867  0.2947 
   01351    0.4128  -34272.5156  0.2949 
   01352    0.4075  -34268.2695  0.2980 
   01353    0.4190  -34271.5508  0.2967 
   01354    0.4116  -34218.1250  0.2974 
   01355    0.4042  -34279.6719  0.2983 
   01356    0.4074  -34279.2539  0.2981 
   01357    0.4048  -34293.9102  0.2973 
   01358    0.4173  -34307.6016  0.2983 
   01359    0.4133  -34258.8320  0.2983 
   01360    0.4084  -34195.3438  0.2999 
   01361    0.4071  -34307.4531  0.2994 
   01362    0.4051  -34287.7930  0.3010 
   01363    0.4137  -34260.4922  0.3021 
   01364    0.4137  -34262.2188  0.3021 
   01365    0.4095  -34259.2695  0.3001 
   01366    0.4109  -34184.0352  0.3037 
   01367    0.4183  -34109.7422  0.3020 
   01368    0.4075  -34109.7266  0.3000 
   01369    0.4083  -34106.9883  0.3022 
   01370    0.4041  -34151.7305  0.2999 
   01371    0.4109  -34147.6797  0.2983 
   01372    0.4077  -34169.2148  0.2978 
   01373    0.4134  -34116.3047  0.2974 
   01374    0.4043  -34122.1328  0.2932 
   01375    0.4130  -34059.7695  0.2960 
   01376    0.4187  -34064.4961  0.2951 
   01377    0.4090  -34123.4570  0.2952 
   01378    0.4048  -34218.0312  0.2971 
   01379    0.4137  -34187.1758  0.2946 
   01380    0.4054  -34169.9648  0.2920 
   01381    0.4084  -34198.7656  0.2946 
   01382    0.4022  -34321.1523  0.2924 
   01383    0.4118  -34306.1445  0.2961 
   01384    0.4023  -34194.8477  0.3003 
   01385    0.4084  -34205.3750  0.3031 
   01386    0.4108  -34217.2383  0.3035 
   01387    0.4087  -34249.9219  0.3071 
   01388    0.4109  -34238.7031  0.3046 
   01389    0.4086  -34263.3398  0.3040 
   01390    0.4196  -34270.3516  0.3043 
   01391    0.4179  -34108.4922  0.3076 
   01392    0.4018  -34184.8203  0.3089 
   01393    0.4110  -34138.9062  0.3088 
   01394    0.4129  -34192.4375  0.3065 
   01395    0.4071  -34208.3789  0.3068 
   01396    0.4109  -34171.1836  0.3074 
   01397    0.4134  -34237.9141  0.3094 
   01398    0.4058  -34209.7578  0.3123 
   01399    0.4095  -34115.9961  0.3119 
   01400    0.4076  -34146.1562  0.3126 
   01401    0.4075  -34275.2578  0.3134 
   01402    0.4008  -34140.8047  0.3140 
   01403    0.4027  -34135.4727  0.3147 
   01404    0.4074  -34197.8672  0.3124 
   01405    0.4195  -34148.8359  0.3145 
   01406    0.4059  -34106.7031  0.3141 
   01407    0.4075  -34168.1367  0.3126 
   01408    0.4094  -34089.0742  0.3141 
   01409    0.4123  -34057.6719  0.3123 
   01410    0.4105  -34103.3828  0.3095 
   01411    0.4181  -34096.4922  0.3091 
   01412    0.4111  -34121.4570  0.3059 
   01413    0.4135  -34140.0352  0.3062 
   01414    0.4104  -34134.9531  0.3089 
   01415    0.4102  -34094.4297  0.3093 
   01416    0.4094  -34143.1484  0.3079 
   01417    0.4156  -34080.5703  0.3093 
   01418    0.4100  -34055.4531  0.3092 
   01419    0.4092  -33967.8477  0.3116 
   01420    0.4140  -34126.0000  0.3163 
   01421    0.4146  -34094.1914  0.3148 
   01422    0.4117  -34201.0703  0.3139 
   01423    0.4141  -34164.5312  0.3135 
   01424    0.4069  -34181.5078  0.3125 
   01425    0.4089  -34310.6562  0.3096 
   01426    0.4143  -34293.6562  0.3069 
   01427    0.4045  -34241.6055  0.3090 
   01428    0.4141  -34228.7656  0.3093 
   01429    0.4074  -34280.9766  0.3083 
   01430    0.4155  -34160.3711  0.3094 
   01431    0.4163  -34212.9727  0.3103 
   01432    0.4118  -34172.2656  0.3104 
   01433    0.4073  -34105.8711  0.3086 
   01434    0.4075  -34173.2070  0.3112 
   01435    0.4025  -34143.6016  0.3148 
   01436    0.4197  -34185.0000  0.3170 
   01437    0.4103  -34219.9180  0.3143 
   01438    0.4141  -34202.7539  0.3165 
   01439    0.4061  -34232.8516  0.3179 
   01440    0.4127  -34216.3125  0.3160 
   01441    0.4099  -34165.5430  0.3140 
   01442    0.3991  -34156.7656  0.3135 
   01443    0.4077  -34140.3359  0.3121 
   01444    0.4127  -34129.5820  0.3108 
   01445    0.4070  -34201.1172  0.3086 
   01446    0.4126  -34158.7070  0.3069 
   01447    0.4084  -34191.5820  0.3072 
   01448    0.4176  -34129.2031  0.3073 
   01449    0.4113  -34092.8906  0.3074 
   01450    0.4114  -34073.5664  0.3116 
   01451    0.4203  -34088.0078  0.3085 
   01452    0.4105  -34103.4375  0.3094 
   01453    0.4122  -34133.2188  0.3088 
   01454    0.4069  -34107.8047  0.3110 
   01455    0.4117  -34121.8242  0.3079 
   01456    0.4067  -34116.7852  0.3080 
   01457    0.4205  -34062.9648  0.3041 
   01458    0.4114  -34053.1016  0.3035 
   01459    0.4088  -34092.4180  0.3052 
   01460    0.4177  -34122.9727  0.3057 
   01461    0.4080  -34126.7891  0.3084 
   01462    0.4092  -34253.5078  0.3058 
   01463    0.4106  -34266.6211  0.3058 
   01464    0.4020  -34303.6289  0.3015 
   01465    0.4159  -34327.4922  0.3000 
   01466    0.4021  -34263.4922  0.3009 
   01467    0.4117  -34227.5859  0.3033 
   01468    0.4086  -34248.7930  0.3042 
   01469    0.4051  -34249.9023  0.3056 
   01470    0.4002  -34264.4531  0.3059 
   01471    0.4112  -34242.8047  0.3068 
   01472    0.4192  -34232.1523  0.3100 
   01473    0.4133  -34132.8477  0.3067 
   01474    0.4151  -34227.2891  0.3047 
   01475    0.4099  -34273.6641  0.3056 
   01476    0.4161  -34199.6250  0.3070 
   01477    0.4110  -34297.8906  0.3060 
   01478    0.4118  -34280.1719  0.3100 
   01479    0.4074  -34253.1719  0.3086 
   01480    0.4155  -34238.3086  0.3058 
   01481    0.4114  -34209.2422  0.3057 
   01482    0.4131  -34215.8828  0.3043 
   01483    0.4086  -34169.8281  0.3051 
   01484    0.4201  -34194.7148  0.3048 
   01485    0.4022  -34215.5352  0.3067 
   01486    0.4037  -34294.1953  0.3098 
   01487    0.4042  -34353.2227  0.3103 
   01488    0.4048  -34357.7031  0.3104 
   01489    0.4092  -34255.6641  0.3104 
   01490    0.3995  -34289.5273  0.3103 
   01491    0.4045  -34292.7383  0.3105 
   01492    0.4074  -34288.9570  0.3080 
   01493    0.4149  -34311.7227  0.3004 
   01494    0.4111  -34278.7617  0.3031 
   01495    0.4166  -34290.5703  0.3018 
   01496    0.4136  -34313.4766  0.3015 
   01497    0.4053  -34270.9336  0.3037 
   01498    0.4065  -34248.5977  0.3065 
   01499    0.4061  -34191.6016  0.3063 
   01500    0.4107  -34217.9453  0.3063 
   01501    0.4184  -34301.3281  0.3076 
   01502    0.4149  -34291.1406  0.3081 
   01503    0.4099  -34300.3867  0.3071 
   01504    0.4084  -34205.9336  0.3071 
   01505    0.4111  -34176.0039  0.3114 
   01506    0.4142  -34159.0898  0.3090 
   01507    0.4148  -34145.4727  0.3065 
   01508    0.4189  -34162.4688  0.3060 
   01509    0.4095  -34175.1914  0.3078 
   01510    0.4128  -34169.8945  0.3114 
   01511    0.4140  -34304.2109  0.3120 
   01512    0.4090  -34245.9414  0.3139 
   01513    0.4122  -34238.1641  0.3098 
   01514    0.4162  -34217.3945  0.3078 
   01515    0.4047  -34287.8711  0.3091 
   01516    0.4073  -34195.9180  0.3080 
   01517    0.4130  -34231.9648  0.3065 
   01518    0.4067  -34218.6562  0.3076 
   01519    0.4175  -34230.6172  0.3103 
   01520    0.4060  -34309.2578  0.3082 
   01521    0.3998  -34286.8203  0.3091 
   01522    0.4184  -34210.9531  0.3097 
   01523    0.4087  -34222.8438  0.3059 
   01524    0.4037  -34207.0273  0.3065 
   01525    0.4105  -34242.0547  0.3040 
   01526    0.4107  -34206.0273  0.3026 
   01527    0.4082  -34124.4922  0.3047 
   01528    0.4068  -34185.8164  0.3058 
   01529    0.4153  -34241.1367  0.3036 
   01530    0.4027  -34220.8828  0.3060 
   01531    0.4070  -34196.1797  0.3071 
   01532    0.4087  -34129.2148  0.3084 
   01533    0.4112  -34198.2852  0.3070 
   01534    0.4062  -34209.5156  0.3050 
   01535    0.4108  -34200.5742  0.3042 
   01536    0.4076  -34273.2070  0.3048 
   01537    0.4143  -34150.9180  0.3025 
   01538    0.4177  -34082.8711  0.3041 
   01539    0.4170  -34064.4922  0.3033 
   01540    0.4086  -34253.6055  0.3036 
   01541    0.4138  -34298.2500  0.3013 
   01542    0.4060  -34285.2266  0.3000 
   01543    0.4135  -34239.1328  0.3016 
   01544    0.4171  -34311.8242  0.3032 
   01545    0.4125  -34227.9102  0.3058 
   01546    0.4148  -34201.0391  0.3059 
   01547    0.4126  -34239.9102  0.3055 
   01548    0.4179  -34311.9414  0.3063 
   01549    0.4179  -34317.5664  0.3058 
   01550    0.4208  -34317.5469  0.3049 
   01551    0.4191  -34306.5820  0.3059 
   01552    0.4026  -34257.3633  0.3059 
   01553    0.4081  -34273.4922  0.3101 
   01554    0.4067  -34216.2773  0.3130 
   01555    0.4060  -34159.6953  0.3109 
   01556    0.4149  -34209.3203  0.3112 
   01557    0.4136  -34238.7266  0.3085 
   01558    0.4072  -34237.5078  0.3114 
   01559    0.4065  -34230.8594  0.3098 
   01560    0.4128  -34113.0000  0.3102 
   01561    0.4148  -34095.5312  0.3065 
   01562    0.4127  -34180.9883  0.3067 
   01563    0.4124  -34150.6797  0.3059 
   01564    0.4153  -34062.0625  0.3067 
   01565    0.4151  -34121.5469  0.3060 
   01566    0.4062  -34179.5781  0.3062 
   01567    0.4088  -34254.8750  0.3059 
   01568    0.4045  -34288.7930  0.3069 
   01569    0.4075  -34177.4453  0.3064 
   01570    0.4104  -34204.7148  0.3046 
   01571    0.4122  -34118.5742  0.3007 
   01572    0.4116  -34164.0977  0.3011 
   01573    0.4075  -34146.3203  0.2974 
   01574    0.4006  -34089.4492  0.2990 
   01575    0.4018  -34218.9141  0.2990 
   01576    0.4034  -34206.3867  0.2993 
   01577    0.4135  -34213.1406  0.2992 
   01578    0.4128  -34190.5664  0.3007 
   01579    0.4070  -34177.0508  0.3025 
   01580    0.4046  -34133.6250  0.3024 
   01581    0.4064  -34182.1445  0.3029 
   01582    0.4086  -34175.6367  0.3044 
   01583    0.4150  -34254.6992  0.3063 
   01584    0.4069  -34253.1953  0.3054 
   01585    0.4066  -34205.8984  0.3060 
   01586    0.4071  -34252.0312  0.3046 
   01587    0.4116  -34223.8672  0.3056 
   01588    0.4054  -34195.3320  0.3063 
   01589    0.4205  -34264.9727  0.3087 
   01590    0.4026  -34231.0234  0.3089 
   01591    0.4063  -34270.5703  0.3116 
   01592    0.4123  -34278.7070  0.3100 
   01593    0.4054  -34225.5078  0.3105 
   01594    0.4095  -34220.5430  0.3091 
   01595    0.4074  -34209.1758  0.3076 
   01596    0.4092  -34272.4453  0.3073 
   01597    0.4042  -34332.7812  0.3089 
   01598    0.3993  -34241.3125  0.3058 
   01599    0.4047  -34104.5117  0.3047 
   01600    0.4111  -34054.2656  0.3057 
   01601    0.4140  -34090.7695  0.3102 
   01602    0.4053  -34070.7539  0.3121 
   01603    0.3996  -34079.4805  0.3105 
   01604    0.4150  -33978.9375  0.3104 
   01605    0.4150  -33940.9219  0.3093 
   01606    0.4115  -33957.9414  0.3109 
   01607    0.4163  -33941.1602  0.3096 
   01608    0.4147  -34068.3789  0.3125 
   01609    0.4240  -34122.5547  0.3119 
   01610    0.4147  -34070.0664  0.3120 
   01611    0.4161  -34142.5898  0.3132 
   01612    0.4049  -34165.1133  0.3109 
   01613    0.4075  -34158.1250  0.3123 
   01614    0.4042  -34158.8281  0.3133 
   01615    0.4186  -34200.0742  0.3099 
   01616    0.4063  -34157.9062  0.3109 
   01617    0.4145  -34196.0508  0.3102 
   01618    0.4050  -34225.5000  0.3116 
   01619    0.4022  -34253.4062  0.3082 
   01620    0.4096  -34276.4883  0.3093 
   01621    0.4040  -34319.0156  0.3064 
   01622    0.4058  -34270.1992  0.3089 
   01623    0.4088  -34267.7969  0.3089 
   01624    0.4098  -34318.0234  0.3097 
   01625    0.4052  -34320.0742  0.3100 
   01626    0.4079  -34336.2930  0.3128 
   01627    0.4019  -34262.2188  0.3148 
   01628    0.4129  -34297.1992  0.3199 
   01629    0.4082  -34286.6250  0.3190 
   01630    0.4044  -34372.8086  0.3163 
   01631    0.4092  -34338.2773  0.3164 
   01632    0.4057  -34352.1914  0.3176 
   01633    0.4073  -34359.2773  0.3190 
   01634    0.4031  -34304.7031  0.3202 
   01635    0.4139  -34230.5586  0.3223 
   01636    0.4022  -34209.0547  0.3203 
   01637    0.4064  -34332.3242  0.3210 
   01638    0.4017  -34355.7695  0.3205 
   01639    0.4110  -34382.3047  0.3207 
   01640    0.4112  -34367.7305  0.3187 
   01641    0.4112  -34404.5156  0.3199 
   01642    0.4079  -34330.9766  0.3206 
   01643    0.4119  -34246.7070  0.3161 
   01644    0.4093  -34187.6094  0.3162 
   01645    0.4057  -34298.8633  0.3123 
   01646    0.4047  -34271.5312  0.3143 
   01647    0.4074  -34233.7383  0.3154 
   01648    0.3993  -34191.0195  0.3140 
   01649    0.4089  -34289.0469  0.3111 
   01650    0.4062  -34273.8945  0.3101 
   01651    0.4071  -34252.7461  0.3100 
   01652    0.4049  -34284.3047  0.3117 
   01653    0.4129  -34226.0078  0.3093 
   01654    0.4048  -34244.0859  0.3086 
   01655    0.4044  -34240.1445  0.3124 
   01656    0.4037  -34259.0625  0.3126 
   01657    0.4052  -34173.8789  0.3110 
   01658    0.4104  -34173.0195  0.3145 
   01659    0.4117  -34169.3867  0.3131 
   01660    0.4179  -34032.2969  0.3124 
   01661    0.4222  -34037.6094  0.3146 
   01662    0.4160  -33969.0977  0.3138 
   01663    0.4096  -34054.7812  0.3155 
   01664    0.4032  -34157.7031  0.3177 
   01665    0.4127  -34095.4453  0.3196 
   01666    0.4184  -34113.4805  0.3200 
   01667    0.4079  -34060.7891  0.3233 
   01668    0.4032  -34149.6797  0.3221 
   01669    0.4136  -34200.1406  0.3210 
   01670    0.4129  -34155.5312  0.3200 
   01671    0.4142  -34080.0664  0.3154 
   01672    0.4155  -34026.9453  0.3161 
   01673    0.4108  -34038.8477  0.3188 
   01674    0.4192  -34115.0508  0.3234 
   01675    0.4166  -34111.6758  0.3246 
   01676    0.4100  -34169.0625  0.3249 
   01677    0.4084  -34241.9219  0.3245 
   01678    0.4137  -34253.9102  0.3264 
   01679    0.4052  -34222.6016  0.3239 
   01680    0.4071  -34180.7812  0.3232 
   01681    0.4140  -34193.5195  0.3229 
   01682    0.4139  -34248.2109  0.3218 
   01683    0.4132  -34295.4688  0.3224 
   01684    0.4099  -34137.5117  0.3232 
   01685    0.4176  -34070.1445  0.3247 
   01686    0.4055  -34120.9688  0.3194 
   01687    0.4062  -34130.3828  0.3183 
   01688    0.4119  -34218.6445  0.3175 
   01689    0.4021  -34212.3398  0.3181 
   01690    0.4072  -34236.2031  0.3171 
   01691    0.4146  -34254.4258  0.3161 
   01692    0.4110  -34170.7109  0.3196 
   01693    0.4150  -34267.3789  0.3222 
   01694    0.4095  -34192.7539  0.3237 
   01695    0.4076  -34178.7109  0.3255 
   01696    0.4202  -34204.3203  0.3259 
   01697    0.4097  -34200.1328  0.3258 
   01698    0.4126  -34126.0391  0.3259 
   01699    0.4140  -34154.1250  0.3264 
   01700    0.4083  -34167.9141  0.3295 
   01701    0.4119  -34164.0625  0.3319 
   01702    0.4205  -34293.5859  0.3325 
   01703    0.3987  -34269.6758  0.3342 
   01704    0.4120  -34205.3633  0.3351 
   01705    0.4037  -34307.6562  0.3334 
   01706    0.4091  -34266.6719  0.3304 
   01707    0.4184  -34234.0703  0.3278 
   01708    0.4014  -34187.2617  0.3326 
   01709    0.4197  -34104.2930  0.3324 
   01710    0.4063  -34145.1602  0.3331 
   01711    0.4083  -34135.7578  0.3282 
   01712    0.4118  -34192.6289  0.3282 
   01713    0.4137  -34161.5820  0.3286 
   01714    0.4055  -34134.6133  0.3289 
   01715    0.4044  -34214.8203  0.3281 
   01716    0.4103  -34250.7227  0.3269 
   01717    0.4083  -34270.2773  0.3269 
   01718    0.4174  -34170.6562  0.3273 
   01719    0.4157  -34129.1016  0.3283 
   01720    0.4023  -34128.1484  0.3289 
   01721    0.4077  -34132.5547  0.3268 
   01722    0.4136  -34117.0664  0.3266 
   01723    0.3996  -34153.2031  0.3250 
   01724    0.4092  -34186.4297  0.3228 
   01725    0.4086  -34096.8047  0.3248 
   01726    0.4101  -34094.1719  0.3255 
   01727    0.4083  -34145.4219  0.3241 
   01728    0.4076  -34150.1172  0.3238 
   01729    0.4113  -34146.4258  0.3251 
   01730    0.4094  -34244.6172  0.3255 
   01731    0.4075  -34252.9375  0.3265 
   01732    0.4071  -34208.6445  0.3272 
   01733    0.4153  -34297.6562  0.3269 
   01734    0.4022  -34298.2344  0.3297 
   01735    0.4152  -34229.6680  0.3285 
   01736    0.4118  -34283.1289  0.3280 
   01737    0.4065  -34234.3477  0.3291 
   01738    0.4064  -34304.9922  0.3332 
   01739    0.4087  -34260.8086  0.3325 
   01740    0.3939  -34210.5703  0.3352 
   01741    0.4094  -34192.6367  0.3350 
   01742    0.4106  -34245.9805  0.3308 
   01743    0.4088  -34267.5742  0.3308 
   01744    0.4044  -34328.2109  0.3336 
   01745    0.4144  -34319.6406  0.3364 
   01746    0.4070  -34301.2188  0.3370 
   01747    0.4172  -34143.1172  0.3396 
   01748    0.4132  -34115.7891  0.3403 
   01749    0.4062  -34145.1523  0.3418 
   01750    0.4004  -34146.1602  0.3426 
   01751    0.4086  -34120.9883  0.3456 
   01752    0.4169  -34092.7031  0.3466 
   01753    0.4078  -34137.8672  0.3486 
   01754    0.4040  -34197.2305  0.3492 
   01755    0.4093  -34189.6133  0.3497 
   01756    0.4090  -34174.3633  0.3493 
   01757    0.4042  -34205.9570  0.3486 
   01758    0.4074  -34175.6367  0.3481 
   01759    0.4164  -34181.6133  0.3483 
   01760    0.4103  -34144.7422  0.3447 
   01761    0.4126  -34309.0234  0.3416 
   01762    0.4136  -34261.7070  0.3418 
   01763    0.4098  -34296.2227  0.3426 
   01764    0.4115  -34243.8398  0.3430 
   01765    0.4146  -34263.4375  0.3421 
   01766    0.4136  -34234.8633  0.3438 
   01767    0.4113  -34216.8594  0.3416 
   01768    0.4220  -34231.2578  0.3446 
   01769    0.4052  -34295.2266  0.3412 
   01770    0.4034  -34216.3711  0.3416 
   01771    0.4082  -34152.9727  0.3408 
   01772    0.4120  -34167.2812  0.3436 
   01773    0.4054  -34189.2969  0.3451 
   01774    0.4113  -34137.4375  0.3425 
   01775    0.4078  -34149.0664  0.3441 
   01776    0.4173  -34226.3750  0.3458 
   01777    0.4024  -34288.2539  0.3454 
   01778    0.4117  -34225.2070  0.3493 
   01779    0.4165  -34227.8945  0.3495 
   01780    0.4121  -34160.7734  0.3496 
   01781    0.4102  -34113.7461  0.3510 
   01782    0.4131  -34041.7930  0.3497 
   01783    0.4136  -34162.0625  0.3511 
   01784    0.4148  -34158.3047  0.3510 
   01785    0.4102  -34164.9688  0.3499 
   01786    0.4147  -34226.5625  0.3511 
   01787    0.3993  -34315.9453  0.3526 
   01788    0.3988  -34356.1016  0.3558 
   01789    0.4065  -34291.5586  0.3562 
   01790    0.3998  -34286.2812  0.3578 
   01791    0.4091  -34187.2188  0.3587 
   01792    0.4174  -34236.2305  0.3603 
   01793    0.4036  -34259.2383  0.3582 
   01794    0.4163  -34297.0859  0.3596 
   01795    0.4019  -34310.5664  0.3620 
   01796    0.4120  -34320.8008  0.3590 
   01797    0.4102  -34298.3555  0.3589 
   01798    0.4058  -34242.1367  0.3570 
   01799    0.4137  -34337.0508  0.3577 
   01800    0.4193  -34220.8867  0.3587 
   01801    0.4148  -34241.6680  0.3605 
   01802    0.4017  -34318.5625  0.3624 
   01803    0.4079  -34199.7852  0.3628 
   01804    0.4135  -34236.9102  0.3612 
   01805    0.4035  -34187.4375  0.3573 
   01806    0.4092  -34184.0039  0.3578 
   01807    0.4115  -34185.0195  0.3586 
   01808    0.4018  -34177.2734  0.3598 
   01809    0.4124  -34122.6133  0.3561 
   01810    0.4108  -34169.9297  0.3567 
   01811    0.4124  -34172.7812  0.3553 
   01812    0.4064  -34186.8320  0.3559 
   01813    0.3980  -34152.4609  0.3559 
   01814    0.4048  -34162.1641  0.3579 
   01815    0.4139  -34121.6055  0.3562 
   01816    0.4156  -34129.4688  0.3567 
   01817    0.4137  -34088.0859  0.3559 
   01818    0.4068  -34142.6641  0.3571 
   01819    0.4104  -34188.5117  0.3560 
   01820    0.4093  -34156.8711  0.3571 
   01821    0.4069  -34230.2695  0.3593 
   01822    0.4159  -34166.8867  0.3573 
   01823    0.4049  -34141.1953  0.3561 
   01824    0.4146  -34116.3516  0.3588 
   01825    0.4060  -34157.0664  0.3559 
   01826    0.4103  -34210.7109  0.3583 
   01827    0.4106  -34241.3242  0.3565 
   01828    0.4101  -34195.6758  0.3532 
   01829    0.4122  -34249.1719  0.3506 
   01830    0.4011  -34267.1406  0.3512 
   01831    0.4013  -34267.4102  0.3526 
   01832    0.4231  -34235.5195  0.3552 
   01833    0.4058  -34264.9023  0.3523 
   01834    0.4064  -34321.9688  0.3538 
   01835    0.4087  -34366.9492  0.3523 
   01836    0.4113  -34407.6797  0.3490 
   01837    0.4038  -34386.1719  0.3471 
   01838    0.4029  -34358.7852  0.3482 
   01839    0.4101  -34364.0742  0.3494 
   01840    0.4006  -34328.9023  0.3500 
   01841    0.4082  -34254.9141  0.3538 
   01842    0.4085  -34295.0547  0.3550 
   01843    0.4093  -34356.6836  0.3529 
   01844    0.4046  -34311.5898  0.3533 
   01845    0.4142  -34294.9375  0.3532 
   01846    0.4110  -34292.1797  0.3554 
   01847    0.4151  -34326.6289  0.3542 
   01848    0.4106  -34298.4961  0.3525 
   01849    0.4132  -34303.8320  0.3501 
   01850    0.4135  -34318.1875  0.3477 
   01851    0.4121  -34266.3047  0.3469 
   01852    0.4165  -34293.9297  0.3488 
   01853    0.4081  -34292.1758  0.3520 
   01854    0.4049  -34352.5820  0.3541 
   01855    0.4045  -34406.5234  0.3518 
   01856    0.4148  -34475.6016  0.3500 
   01857    0.4138  -34347.9297  0.3506 
   01858    0.4113  -34264.9688  0.3470 
   01859    0.4094  -34274.3320  0.3428 
   01860    0.4113  -34144.1914  0.3443 
   01861    0.4173  -34111.6758  0.3442 
   01862    0.4093  -34182.1289  0.3474 
   01863    0.4155  -34113.2578  0.3479 
   01864    0.4047  -34169.8594  0.3488 
   01865    0.4039  -34223.5508  0.3458 
   01866    0.3985  -34307.7070  0.3471 
   01867    0.4078  -34391.9570  0.3477 
   01868    0.4118  -34251.9805  0.3453 
   01869    0.4003  -34206.9258  0.3480 
   01870    0.4112  -34213.1211  0.3467 
   01871    0.4040  -34158.1250  0.3443 
   01872    0.4170  -34241.5430  0.3454 
   01873    0.4066  -34300.0469  0.3450 
   01874    0.4170  -34260.1836  0.3452 
   01875    0.4052  -34169.5234  0.3452 
   01876    0.4064  -34352.1680  0.3434 
   01877    0.4160  -34362.0430  0.3435 
   01878    0.4028  -34296.0039  0.3420 
   01879    0.4141  -34276.4961  0.3403 
   01880    0.4050  -34318.3945  0.3376 
   01881    0.4117  -34329.0430  0.3368 
   01882    0.4149  -34219.7109  0.3351 
   01883    0.4100  -34256.1445  0.3330 
   01884    0.4108  -34293.9062  0.3313 
   01885    0.4089  -34463.5781  0.3303 
   01886    0.4059  -34381.6328  0.3288 
   01887    0.4120  -34283.6758  0.3246 
   01888    0.4096  -34278.5820  0.3234 
   01889    0.4142  -34300.5156  0.3235 
   01890    0.4151  -34237.6445  0.3262 
   01891    0.4115  -34186.9609  0.3239 
   01892    0.4077  -34233.5391  0.3221 
   01893    0.4029  -34285.2188  0.3227 
   01894    0.4151  -34228.5117  0.3239 
   01895    0.4095  -34240.4375  0.3234 
   01896    0.4065  -34279.0312  0.3242 
   01897    0.4041  -34234.0312  0.3249 
   01898    0.4118  -34143.6719  0.3250 
   01899    0.4102  -34186.8672  0.3232 
   01900    0.4109  -34157.9688  0.3226 
   01901    0.4174  -34172.1953  0.3223 
   01902    0.4097  -34237.0273  0.3217 
   01903    0.4047  -34219.0039  0.3252 
   01904    0.4186  -34224.3633  0.3243 
   01905    0.4218  -34297.1914  0.3256 
   01906    0.4079  -34261.1484  0.3274 
   01907    0.4204  -34250.8594  0.3299 
   01908    0.4105  -34253.3086  0.3320 
   01909    0.4066  -34301.2852  0.3310 
   01910    0.4024  -34265.0508  0.3308 
   01911    0.4127  -34209.8945  0.3284 
   01912    0.4107  -34191.1836  0.3293 
   01913    0.4154  -34189.9805  0.3276 
   01914    0.4134  -34269.4414  0.3292 
   01915    0.4039  -34195.2305  0.3311 
   01916    0.4104  -34198.6836  0.3284 
   01917    0.4142  -34115.4492  0.3276 
   01918    0.4164  -34150.5625  0.3303 
   01919    0.4130  -34169.7734  0.3308 
   01920    0.4164  -34217.3711  0.3299 
   01921    0.4088  -34205.0312  0.3315 
   01922    0.4113  -34254.1914  0.3345 
   01923    0.4094  -34262.3711  0.3402 
   01924    0.4113  -34273.8242  0.3418 
   01925    0.4150  -34318.8555  0.3423 
   01926    0.4009  -34293.6523  0.3416 
   01927    0.4073  -34250.8398  0.3410 
   01928    0.4023  -34252.5430  0.3426 
   01929    0.4106  -34203.4453  0.3445 
   01930    0.4117  -34220.8320  0.3420 
   01931    0.4118  -34314.2695  0.3420 
   01932    0.4132  -34283.6172  0.3367 
   01933    0.4075  -34258.4805  0.3404 
   01934    0.4139  -34274.6289  0.3361 
   01935    0.4075  -34307.8789  0.3377 
   01936    0.4105  -34302.9648  0.3373 
   01937    0.4094  -34356.2617  0.3335 
   01938    0.4114  -34299.1289  0.3330 
   01939    0.4118  -34361.8320  0.3336 
   01940    0.4149  -34226.6797  0.3361 
   01941    0.4045  -34228.6172  0.3362 
   01942    0.4116  -34249.1289  0.3369 
   01943    0.4055  -34289.3125  0.3363 
   01944    0.4098  -34310.0469  0.3347 
   01945    0.4122  -34287.2969  0.3335 
   01946    0.4099  -34209.7695  0.3314 
   01947    0.4092  -34340.3242  0.3338 
   01948    0.4080  -34338.3047  0.3358 
   01949    0.4060  -34332.1914  0.3362 
   01950    0.3996  -34348.7695  0.3388 
   01951    0.4034  -34278.2578  0.3403 
   01952    0.4069  -34248.8438  0.3425 
   01953    0.4048  -34303.0820  0.3420 
   01954    0.4113  -34279.2227  0.3393 
   01955    0.4027  -34296.6562  0.3383 
   01956    0.4123  -34305.2266  0.3393 
   01957    0.4048  -34302.7578  0.3405 
   01958    0.4125  -34291.0312  0.3393 
   01959    0.4010  -34158.7891  0.3379 
   01960    0.4087  -34273.1992  0.3351 
   01961    0.4140  -34267.5234  0.3334 
   01962    0.4115  -34158.4336  0.3319 
   01963    0.4131  -34221.0859  0.3300 
   01964    0.4127  -34211.4453  0.3293 
   01965    0.4172  -34198.8047  0.3282 
   01966    0.4078  -34161.8750  0.3311 
   01967    0.4033  -34234.0859  0.3284 
   01968    0.4114  -34250.3750  0.3332 
   01969    0.4101  -34289.2617  0.3336 
   01970    0.3969  -34299.9961  0.3322 
   01971    0.4130  -34209.5195  0.3327 
   01972    0.4124  -34200.2539  0.3299 
   01973    0.4226  -34129.9766  0.3336 
   01974    0.4127  -34126.5000  0.3335 
   01975    0.4103  -34096.2539  0.3342 
   01976    0.4082  -34181.1094  0.3301 
   01977    0.4105  -34134.7227  0.3285 
   01978    0.4136  -34239.5898  0.3279 
   01979    0.4104  -34227.1680  0.3277 
   01980    0.4055  -34251.3750  0.3267 
   01981    0.4152  -34253.2969  0.3298 
   01982    0.4182  -34214.7109  0.3318 
   01983    0.3995  -34245.3477  0.3332 
   01984    0.4124  -34160.5469  0.3304 
   01985    0.4081  -34154.9805  0.3298 
   01986    0.4037  -34282.0195  0.3291 
   01987    0.4099  -34270.2227  0.3261 
   01988    0.4149  -34187.2500  0.3259 
   01989    0.4168  -34152.2461  0.3257 
   01990    0.4171  -34096.0195  0.3273 
   01991    0.4229  -34185.0469  0.3276 
   01992    0.4125  -34276.8945  0.3266 
   01993    0.4078  -34303.5586  0.3212 
   01994    0.4120  -34227.8633  0.3208 
   01995    0.4111  -34239.6094  0.3195 
   01996    0.4135  -34251.3008  0.3222 
   01997    0.4056  -34225.9727  0.3213 
   01998    0.4099  -34194.7148  0.3195 
   01999    0.4007  -34288.5859  0.3188 
   02000    0.4010  -34272.0352  0.3194 
