#=====================================================
# File created:        Sun-22-Feb-2026-at-06-01-54PM
# Size of lattice:     50x50
# Number of MC steps:  2000
# Reduced temperature: 0.500
# Run time (s):        7.264807
#=====================================================
# MC step:  Ratio:     Energy:   Order:
#=====================================================
   00000    0.5000   -2603.6284  0.2679 
   00001    0.6840   -3806.0593  0.2747 
   00002    0.6176   -4606.6426  0.2720 
   00003    0.5804   -5194.4302  0.2650 
   00004    0.5372   -5621.5859  0.2657 
   00005    0.5284   -5973.5317  0.2728 
   00006    0.5128   -6289.3398  0.2710 
   00007    0.5136   -6524.7534  0.2748 
   00008    0.4792   -6701.9282  0.2714 
   00009    0.4792   -6834.3911  0.2752 
   00010    0.4720   -6962.5547  0.2751 
   00011    0.4684   -7047.2539  0.2852 
   00012    0.4704   -7162.2354  0.2822 
   00013    0.4692   -7262.5747  0.2832 
   00014    0.4564   -7358.6646  0.2884 
   00015    0.4456   -7401.9150  0.2943 
   00016    0.4608   -7472.7812  0.2958 
   00017    0.4412   -7526.8120  0.2916 
   00018    0.4276   -7559.1548  0.2916 
   00019    0.4432   -7555.8442  0.2939 
   00020    0.4540   -7633.6016  0.2983 
   00021    0.4392   -7711.9673  0.2935 
   00022    0.4164   -7689.4756  0.2907 
   00023    0.4456   -7702.1646  0.2932 
   00024    0.4380   -7787.4692  0.2993 
   00025    0.4264   -7807.3301  0.3045 
   00026    0.4216   -7831.6206  0.2971 
   00027    0.4316   -7843.4741  0.3002 
   00028    0.4344   -7833.8408  0.2967 
   00029    0.4220   -7879.9395  0.2999 
   00030    0.4300   -7905.0186  0.2958 
   00031    0.4388   -7894.2944  0.2952 
   00032    0.4264   -7937.1743  0.2992 
   00033    0.4444   -7988.5454  0.3069 
   00034    0.4396   -7958.9507  0.3007 
   00035    0.4200   -7932.6968  0.3021 
   00036    0.4320   -7961.8213  0.3001 
   00037    0.4388   -7971.0781  0.3035 
   00038    0.4312   -8048.8838  0.3123 
   00039    0.4088   -8057.2837  0.3109 
   00040    0.4292   -8105.7261  0.3215 
   00041    0.4152   -8090.5752  0.3248 
   00042    0.4296   -8075.1943  0.3276 
   00043    0.4372   -8100.3818  0.3316 
   00044    0.4280   -8123.0825  0.3390 
   00045    0.4180   -8127.9365  0.3407 
   00046    0.4328   -8115.9370  0.3416 
   00047    0.4420   -8114.7534  0.3406 
   00048    0.4188   -8152.5439  0.3510 
   00049    0.4516   -8137.2983  0.3541 
   00050    0.4152   -8189.9292  0.3553 
   00051    0.4332   -8174.1030  0.3570 
   00052    0.4204   -8220.7471  0.3567 
   00053    0.4344   -8204.7236  0.3543 
   00054    0.4056   -8181.0166  0.3597 
   00055    0.4312   -8194.2490  0.3667 
   00056    0.3964   -8183.7329  0.3614 
   00057    0.4144   -8186.4888  0.3655 
   00058    0.4260   -8188.5112  0.3683 
   00059    0.4080   -8246.6963  0.3665 
   00060    0.4156   -8220.5332  0.3677 
   00061    0.4116   -8249.8418  0.3722 
   00062    0.4244   -8281.1602  0.3720 
   00063    0.4300   -8294.8662  0.3806 
   00064    0.4200   -8317.0078  0.3758 
   00065    0.4204   -8310.9766  0.3764 
   00066    0.4316   -8297.7217  0.3739 
   00067    0.4428   -8264.3213  0.3709 
   00068    0.4392   -8275.1406  0.3699 
   00069    0.4196   -8229.5713  0.3712 
   00070    0.4216   -8239.2158  0.3740 
   00071    0.4132   -8248.1064  0.3791 
   00072    0.3984   -8262.9014  0.3738 
   00073    0.4220   -8252.8193  0.3733 
   00074    0.4300   -8249.7178  0.3716 
   00075    0.4320   -8266.8701  0.3693 
   00076    0.4336   -8203.9873  0.3645 
   00077    0.4088   -8219.7344  0.3706 
   00078    0.4240   -8206.3789  0.3637 
   00079    0.4140   -8214.3057  0.3602 
   00080    0.4088   -8206.1387  0.3589 
   00081    0.4268   -8232.7510  0.3541 
   00082    0.4192   -8239.2852  0.3560 
   00083    0.4200   -8223.9688  0.3504 
   00084    0.4196   -8190.1899  0.3448 
   00085    0.4308   -8210.2344  0.3502 
   00086    0.4036   -8219.4072  0.3508 
   00087    0.4000   -8246.6582  0.3580 
   00088    0.4324   -8232.3184  0.3576 
   00089    0.4328   -8235.1641  0.3568 
   00090    0.4320   -8213.1260  0.3593 
   00091    0.4216   -8208.4043  0.3593 
   00092    0.4140   -8247.6055  0.3642 
   00093    0.4148   -8266.5879  0.3659 
   00094    0.4256   -8244.8428  0.3657 
   00095    0.4164   -8202.8574  0.3644 
   00096    0.4316   -8230.8125  0.3626 
   00097    0.4180   -8233.1768  0.3648 
   00098    0.4352   -8230.3086  0.3654 
   00099    0.4220   -8239.5527  0.3699 
   00100    0.4092   -8232.2100  0.3711 
   00101    0.4308   -8236.2520  0.3735 
   00102    0.3992   -8237.9121  0.3807 
   00103    0.4224   -8235.1670  0.3868 
   00104    0.4300   -8182.4341  0.3881 
   00105    0.4216   -8224.4209  0.3867 
   00106    0.4348   -8224.0518  0.3865 
   00107    0.4072   -8224.8672  0.3828 
   00108    0.4156   -8227.0000  0.3806 
   00109    0.4288   -8238.3564  0.3765 
   00110    0.4108   -8239.7061  0.3720 
   00111    0.4076   -8263.3262  0.3722 
   00112    0.4080   -8240.2412  0.3708 
   00113    0.4220   -8245.1738  0.3736 
   00114    0.4040   -8195.0889  0.3659 
   00115    0.4296   -8199.0439  0.3652 
   00116    0.4156   -8183.2632  0.3673 
   00117    0.4200   -8190.9131  0.3627 
   00118    0.4124   -8178.2808  0.3634 
   00119    0.4272   -8160.8926  0.3688 
   00120    0.4264   -8212.2275  0.3668 
   00121    0.4132   -8230.2451  0.3661 
   00122    0.4388   -8245.8643  0.3683 
   00123    0.4012   -8242.9600  0.3740 
   00124    0.4180   -8210.2559  0.3697 
   00125    0.4236   -8249.0205  0.3664 
   00126    0.4276   -8290.8525  0.3715 
   00127    0.4268   -8268.6045  0.3645 
   00128    0.4216   -8266.2422  0.3660 
   00129    0.4220   -8220.9814  0.3665 
   00130    0.4060   -8254.4785  0.3646 
   00131    0.4152   -8213.1748  0.3591 
   00132    0.4300   -8244.6641  0.3632 
   00133    0.4184   -8286.5713  0.3566 
   00134    0.4260   -8245.1074  0.3500 
   00135    0.4236   -8239.9111  0.3537 
   00136    0.4268   -8269.4111  0.3526 
   00137    0.4056   -8277.3477  0.3544 
   00138    0.4068   -8260.8125  0.3517 
   00139    0.4136   -8319.1426  0.3559 
   00140    0.4124   -8282.5303  0.3587 
   00141    0.4268   -8257.0186  0.3659 
   00142    0.4268   -8295.5801  0.3687 
   00143    0.4116   -8273.8721  0.3668 
   00144    0.4328   -8307.2539  0.3665 
   00145    0.4348   -8326.1885  0.3698 
   00146    0.4200   -8333.4883  0.3704 
   00147    0.4264   -8380.8965  0.3756 
   00148    0.4020   -8359.0107  0.3758 
   00149    0.4212   -8368.4004  0.3806 
   00150    0.4120   -8338.4658  0.3807 
   00151    0.4132   -8340.5166  0.3799 
   00152    0.4260   -8363.0508  0.3848 
   00153    0.4248   -8348.2520  0.3830 
   00154    0.4080   -8292.7715  0.3800 
   00155    0.4120   -8319.2432  0.3794 
   00156    0.4212   -8330.1709  0.3766 
   00157    0.4224   -8361.5879  0.3747 
   00158    0.4184   -8347.8486  0.3735 
   00159    0.4232   -8343.4502  0.3698 
   00160    0.4152   -8372.2998  0.3705 
   00161    0.4228   -8324.1504  0.3762 
   00162    0.4212   -8317.9785  0.3844 
   00163    0.4284   -8333.9141  0.3890 
   00164    0.4264   -8363.6982  0.3916 
   00165    0.4372   -8371.5625  0.3917 
   00166    0.4156   -8394.4785  0.3970 
   00167    0.4276   -8432.3867  0.3974 
   00168    0.4028   -8395.4375  0.3965 
   00169    0.4356   -8361.9111  0.4033 
   00170    0.4160   -8313.7383  0.3996 
   00171    0.4200   -8345.9189  0.3947 
   00172    0.4248   -8368.3281  0.3887 
   00173    0.4104   -8378.2500  0.3879 
   00174    0.4140   -8379.2383  0.3898 
   00175    0.4256   -8401.6719  0.3922 
   00176    0.4316   -8377.5420  0.3939 
   00177    0.4356   -8398.2910  0.3934 
   00178    0.4232   -8379.2529  0.3903 
   00179    0.4284   -8379.2295  0.3946 
   00180    0.4124   -8363.4873  0.3950 
   00181    0.4276   -8327.5967  0.3906 
   00182    0.4216   -8323.6201  0.3923 
   00183    0.3964   -8336.0469  0.3906 
   00184    0.4136   -8361.5693  0.3940 
   00185    0.4224   -8416.7627  0.3928 
   00186    0.4160   -8442.2217  0.3958 
   00187    0.4076   -8390.6445  0.3915 
   00188    0.4048   -8421.8418  0.3894 
   00189    0.4184   -8427.5459  0.3961 
   00190    0.4260   -8414.7666  0.3906 
   00191    0.4052   -8409.3887  0.3908 
   00192    0.4080   -8386.7793  0.3988 
   00193    0.4192   -8367.4170  0.3960 
   00194    0.4048   -8347.2236  0.3995 
   00195    0.4072   -8350.0312  0.3972 
   00196    0.4136   -8380.7070  0.3978 
   00197    0.4088   -8438.7598  0.4002 
   00198    0.4152   -8422.2070  0.4017 
   00199    0.4212   -8433.9863  0.4063 
   00200    0.4088   -8424.2383  0.4052 
   00201    0.4232   -8415.8125  0.4002 
   00202    0.4044   -8429.2441  0.4033 
   00203    0.4180   -8420.7471  0.4061 
   00204    0.4116   -8393.0000  0.4048 
   00205    0.4200   -8410.4619  0.4036 
   00206    0.4116   -8384.8730  0.4062 
   00207    0.4036   -8371.0010  0.4043 
   00208    0.4228   -8356.5938  0.4023 
   00209    0.4236   -8385.6592  0.4040 
   00210    0.4012   -8401.5654  0.4045 
   00211    0.4380   -8387.7402  0.4048 
   00212    0.4100   -8404.3643  0.4011 
   00213    0.4016   -8427.1777  0.3975 
   00214    0.4144   -8415.9512  0.3988 
   00215    0.4208   -8431.5928  0.4082 
   00216    0.4212   -8415.4092  0.4061 
   00217    0.4296   -8382.1143  0.4011 
   00218    0.3932   -8391.3037  0.3946 
   00219    0.4200   -8425.5156  0.3958 
   00220    0.4028   -8425.2002  0.3946 
   00221    0.4180   -8390.8691  0.3933 
   00222    0.4336   -8377.5352  0.4013 
   00223    0.4176   -8372.5518  0.3986 
   00224    0.4276   -8359.9424  0.3966 
   00225    0.4332   -8392.0303  0.4001 
   00226    0.4160   -8437.1787  0.3988 
   00227    0.4220   -8442.4922  0.3989 
   00228    0.4104   -8379.6914  0.3998 
   00229    0.4224   -8352.4912  0.3981 
   00230    0.4140   -8375.1641  0.3933 
   00231    0.4268   -8351.7305  0.3870 
   00232    0.4148   -8363.8154  0.3833 
   00233    0.3992   -8373.7715  0.3757 
   00234    0.4104   -8365.2949  0.3768 
   00235    0.4196   -8330.6904  0.3781 
   00236    0.3960   -8380.4443  0.3774 
   00237    0.4076   -8390.4346  0.3756 
   00238    0.4204   -8448.5068  0.3765 
   00239    0.4188   -8486.2217  0.3873 
   00240    0.4040   -8464.1748  0.3846 
   00241    0.4168   -8463.0361  0.3902 
   00242    0.4056   -8449.1826  0.3861 
   00243    0.4292   -8484.6104  0.3831 
   00244    0.4212   -8484.9316  0.3763 
   00245    0.4124   -8455.5596  0.3787 
   00246    0.4200   -8427.3857  0.3766 
   00247    0.4188   -8360.2744  0.3778 
   00248    0.4240   -8391.7031  0.3727 
   00249    0.4024   -8410.4678  0.3713 
   00250    0.4112   -8449.0586  0.3724 
   00251    0.4092   -8417.4775  0.3715 
   00252    0.4076   -8401.8135  0.3716 
   00253    0.4172   -8388.8320  0.3717 
   00254    0.4060   -8362.6748  0.3744 
   00255    0.3992   -8423.8623  0.3797 
   00256    0.4068   -8432.6943  0.3815 
   00257    0.4068   -8406.0537  0.3859 
   00258    0.4240   -8391.8486  0.3745 
   00259    0.4148   -8387.0957  0.3741 
   00260    0.4208   -8357.6973  0.3732 
   00261    0.3984   -8398.0840  0.3708 
   00262    0.4412   -8364.5850  0.3606 
   00263    0.4232   -8409.1914  0.3626 
   00264    0.4220   -8373.3516  0.3638 
   00265    0.4348   -8353.6484  0.3658 
   00266    0.4012   -8335.4521  0.3642 
   00267    0.4344   -8360.7500  0.3678 
   00268    0.4076   -8399.5312  0.3712 
   00269    0.4004   -8396.6738  0.3792 
   00270    0.4232   -8385.5684  0.3743 
   00271    0.4260   -8433.8662  0.3747 
   00272    0.4080   -8420.1582  0.3637 
   00273    0.4164   -8417.8066  0.3656 
   00274    0.4172   -8369.6152  0.3578 
   00275    0.4132   -8358.9854  0.3562 
   00276    0.4216   -8372.9717  0.3443 
   00277    0.4240   -8361.7012  0.3435 
   00278    0.4272   -8411.9951  0.3409 
   00279    0.4120   -8392.6230  0.3431 
   00280    0.4176   -8417.0410  0.3477 
   00281    0.4100   -8370.9102  0.3533 
   00282    0.4344   -8368.4678  0.3567 
   00283    0.4244   -8388.1299  0.3516 
   00284    0.4240   -8352.0059  0.3488 
   00285    0.4032   -8368.4199  0.3506 
   00286    0.4084   -8385.2061  0.3517 
   00287    0.4232   -8378.1982  0.3495 
   00288    0.3984   -8414.3535  0.3589 
   00289    0.4352   -8399.1270  0.3655 
   00290    0.4156   -8376.4062  0.3633 
   00291    0.4196   -8363.6777  0.3668 
   00292    0.4244   -8398.4023  0.3678 
   00293    0.4064   -8402.6211  0.3657 
   00294    0.4164   -8436.5420  0.3721 
   00295    0.4132   -8437.7061  0.3753 
   00296    0.4216   -8426.6377  0.3783 
   00297    0.4120   -8479.6416  0.3771 
   00298    0.4204   -8457.5635  0.3803 
   00299    0.4296   -8418.2842  0.3783 
   00300    0.4084   -8416.8203  0.3835 
   00301    0.4012   -8412.0938  0.3781 
   00302    0.4324   -8423.6670  0.3778 
   00303    0.4328   -8449.0361  0.3824 
   00304    0.4204   -8413.9473  0.3787 
   00305    0.4052   -8424.2598  0.3834 
   00306    0.3928   -8436.9902  0.3862 
   00307    0.4276   -8443.5410  0.3824 
   00308    0.4108   -8465.4756  0.3851 
   00309    0.4212   -8464.0400  0.3861 
   00310    0.4040   -8470.7910  0.3890 
   00311    0.4152   -8416.4951  0.3855 
   00312    0.4084   -8387.9219  0.3859 
   00313    0.4124   -8386.4619  0.3829 
   00314    0.4236   -8405.6123  0.3869 
   00315    0.4160   -8428.4355  0.3880 
   00316    0.4072   -8468.6348  0.3924 
   00317    0.4144   -8431.4551  0.4025 
   00318    0.4172   -8388.6963  0.4057 
   00319    0.4120   -8341.1475  0.4004 
   00320    0.4244   -8386.0605  0.4037 
   00321    0.4120   -8370.6133  0.4018 
   00322    0.4028   -8389.7285  0.4030 
   00323    0.4160   -8386.2920  0.4011 
   00324    0.4112   -8390.5430  0.4024 
   00325    0.4256   -8385.0801  0.4055 
   00326    0.4176   -8400.0996  0.4115 
   00327    0.4284   -8438.0547  0.4088 
   00328    0.4120   -8413.8984  0.4055 
   00329    0.4076   -8420.8213  0.4074 
   00330    0.4224   -8406.5205  0.4079 
   00331    0.4200   -8457.3340  0.4128 
   00332    0.4140   -8451.1436  0.4139 
   00333    0.4136   -8456.9111  0.4089 
   00334    0.4096   -8426.4316  0.4117 
   00335    0.4136   -8450.5605  0.4072 
   00336    0.4228   -8454.8945  0.4058 
   00337    0.4208   -8444.3545  0.4097 
   00338    0.4040   -8468.8887  0.4086 
   00339    0.3932   -8484.5225  0.4090 
   00340    0.4248   -8468.4668  0.4149 
   00341    0.4212   -8447.6885  0.4173 
   00342    0.4228   -8397.3203  0.4159 
   00343    0.4056   -8406.1797  0.4186 
   00344    0.4296   -8438.6035  0.4133 
   00345    0.4064   -8503.3926  0.4127 
   00346    0.4100   -8502.1436  0.4147 
   00347    0.3996   -8520.3252  0.4185 
   00348    0.4280   -8493.1768  0.4240 
   00349    0.4204   -8440.4697  0.4155 
   00350    0.4188   -8452.5527  0.4146 
   00351    0.4352   -8411.7363  0.4140 
   00352    0.4276   -8381.9902  0.4191 
   00353    0.4068   -8369.4551  0.4224 
   00354    0.4208   -8376.7773  0.4158 
   00355    0.4420   -8361.1934  0.4113 
   00356    0.4172   -8392.4258  0.4132 
   00357    0.4264   -8393.3848  0.4100 
   00358    0.4100   -8410.8252  0.4154 
   00359    0.4096   -8387.0303  0.4139 
   00360    0.4336   -8419.0166  0.4209 
   00361    0.4240   -8426.5264  0.4180 
   00362    0.4036   -8430.7939  0.4148 
   00363    0.3972   -8406.6680  0.4144 
   00364    0.4252   -8406.6211  0.4198 
   00365    0.4208   -8419.7676  0.4219 
   00366    0.4004   -8401.4346  0.4192 
   00367    0.4224   -8386.7168  0.4251 
   00368    0.4104   -8378.3174  0.4222 
   00369    0.3996   -8353.2344  0.4194 
   00370    0.4112   -8379.9883  0.4169 
   00371    0.4056   -8366.7588  0.4165 
   00372    0.4132   -8366.7246  0.4186 
   00373    0.4120   -8344.1191  0.4177 
   00374    0.3992   -8378.9648  0.4184 
   00375    0.4204   -8351.3164  0.4224 
   00376    0.4072   -8365.7383  0.4241 
   00377    0.4240   -8374.0244  0.4225 
   00378    0.4292   -8379.5068  0.4300 
   00379    0.4012   -8371.7031  0.4323 
   00380    0.4152   -8404.2588  0.4325 
   00381    0.4200   -8457.6465  0.4304 
   00382    0.4072   -8451.5752  0.4333 
   00383    0.4100   -8352.6191  0.4322 
   00384    0.4028   -8412.6035  0.4347 
   00385    0.4040   -8406.3330  0.4323 
   00386    0.4036   -8393.1309  0.4250 
   00387    0.4100   -8328.3203  0.4239 
   00388    0.4064   -8391.0176  0.4290 
   00389    0.4248   -8406.4258  0.4333 
   00390    0.4136   -8403.2217  0.4332 
   00391    0.4120   -8442.3535  0.4329 
   00392    0.4084   -8448.4111  0.4389 
   00393    0.4092   -8483.2246  0.4381 
   00394    0.3932   -8454.2080  0.4341 
   00395    0.4244   -8437.2822  0.4316 
   00396    0.4208   -8476.5303  0.4358 
   00397    0.4208   -8471.4268  0.4360 
   00398    0.4080   -8438.9102  0.4383 
   00399    0.4096   -8474.8301  0.4414 
   00400    0.4256   -8510.3262  0.4410 
   00401    0.4136   -8522.7090  0.4399 
   00402    0.4244   -8546.8359  0.4394 
   00403    0.4088   -8496.9893  0.4422 
   00404    0.4000   -8493.2627  0.4472 
   00405    0.4044   -8506.8018  0.4461 
   00406    0.4132   -8491.8105  0.4401 
   00407    0.4044   -8447.5615  0.4359 
   00408    0.4324   -8436.7734  0.4385 
   00409    0.4412   -8445.5264  0.4453 
   00410    0.4100   -8442.2480  0.4459 
   00411    0.3900   -8454.7178  0.4496 
   00412    0.4244   -8438.1689  0.4524 
   00413    0.4108   -8437.2783  0.4557 
   00414    0.4180   -8460.0322  0.4556 
   00415    0.4052   -8471.9395  0.4553 
   00416    0.4092   -8449.6709  0.4591 
   00417    0.4268   -8469.2598  0.4584 
   00418    0.4124   -8457.8037  0.4600 
   00419    0.4244   -8479.7637  0.4598 
   00420    0.3964   -8451.2441  0.4597 
   00421    0.4072   -8473.2969  0.4590 
   00422    0.4084   -8450.7344  0.4639 
   00423    0.4128   -8423.1182  0.4622 
   00424    0.4124   -8463.0977  0.4680 
   00425    0.4172   -8436.7793  0.4669 
   00426    0.4148   -8382.9053  0.4685 
   00427    0.4156   -8375.9209  0.4691 
   00428    0.4072   -8352.0850  0.4646 
   00429    0.4192   -8364.7539  0.4649 
   00430    0.3868   -8382.0986  0.4677 
   00431    0.4200   -8361.1191  0.4635 
   00432    0.4072   -8386.8252  0.4606 
   00433    0.4360   -8433.2949  0.4667 
   00434    0.4200   -8433.5176  0.4680 
   00435    0.4300   -8429.9521  0.4673 
   00436    0.4096   -8442.4062  0.4692 
   00437    0.4284   -8466.8838  0.4641 
   00438    0.4068   -8484.7158  0.4665 
   00439    0.4124   -8439.3115  0.4570 
   00440    0.4092   -8440.6250  0.4609 
   00441    0.4240   -8456.1660  0.4529 
   00442    0.4056   -8476.9902  0.4505 
   00443    0.4140   -8471.8965  0.4452 
   00444    0.4060   -8487.9619  0.4344 
   00445    0.4136   -8429.3369  0.4355 
   00446    0.4072   -8445.2646  0.4290 
   00447    0.4168   -8450.2510  0.4322 
   00448    0.4068   -8444.2646  0.4332 
   00449    0.4192   -8442.2734  0.4386 
   00450    0.4180   -8450.3984  0.4396 
   00451    0.4168   -8430.2139  0.4421 
   00452    0.4184   -8443.4268  0.4465 
   00453    0.4112   -8483.0918  0.4473 
   00454    0.3892   -8503.5068  0.4436 
   00455    0.3944   -8499.6641  0.4392 
   00456    0.4124   -8501.3584  0.4429 
   00457    0.4000   -8460.1621  0.4385 
   00458    0.3944   -8427.5811  0.4425 
   00459    0.4192   -8419.8174  0.4460 
   00460    0.4192   -8407.0576  0.4463 
   00461    0.4032   -8424.3887  0.4543 
   00462    0.4196   -8403.1104  0.4557 
   00463    0.4176   -8481.3076  0.4586 
   00464    0.4228   -8442.3086  0.4588 
   00465    0.4100   -8470.9756  0.4586 
   00466    0.4072   -8505.5107  0.4510 
   00467    0.4040   -8479.4424  0.4507 
   00468    0.4052   -8454.4834  0.4540 
   00469    0.4124   -8424.3398  0.4542 
   00470    0.4072   -8488.7480  0.4509 
   00471    0.4048   -8518.0156  0.4537 
   00472    0.4276   -8478.4775  0.4538 
   00473    0.4080   -8476.2656  0.4598 
   00474    0.4120   -8490.3418  0.4612 
   00475    0.4140   -8468.5713  0.4588 
   00476    0.4216   -8462.7695  0.4540 
   00477    0.4256   -8422.5508  0.4534 
   00478    0.4104   -8431.3086  0.4569 
   00479    0.4076   -8440.8057  0.4537 
   00480    0.4120   -8456.2383  0.4592 
   00481    0.4048   -8456.3613  0.4479 
   00482    0.4044   -8503.3203  0.4572 
   00483    0.4196   -8485.9414  0.4579 
   00484    0.4096   -8455.4326  0.4609 
   00485    0.4096   -8510.8887  0.4721 
   00486    0.4056   -8453.4902  0.4772 
   00487    0.4128   -8510.0723  0.4821 
   00488    0.4160   -8492.0322  0.4811 
   00489    0.4240   -8447.7158  0.4780 
   00490    0.4132   -8410.8545  0.4792 
   00491    0.4120   -8449.6855  0.4837 
   00492    0.4240   -8419.7529  0.4845 
   00493    0.4148   -8420.5508  0.4741 
   00494    0.4076   -8409.7471  0.4797 
   00495    0.4056   -8432.3105  0.4828 
   00496    0.4128   -8426.3389  0.4825 
   00497    0.4308   -8432.1729  0.4894 
   00498    0.4236   -8458.6396  0.4856 
   00499    0.4092   -8468.6787  0.4817 
   00500    0.4176   -8430.0156  0.4792 
   00501    0.3840   -8436.2637  0.4783 
   00502    0.4072   -8419.8994  0.4813 
   00503    0.4124   -8469.6523  0.4848 
   00504    0.4264   -8476.8896  0.4855 
   00505    0.4028   -8491.3330  0.4893 
   00506    0.4180   -8445.5576  0.4929 
   00507    0.4320   -8464.3730  0.4871 
   00508    0.4132   -8484.9570  0.4837 
   00509    0.4116   -8485.1045  0.4903 
   00510    0.4064   -8458.5859  0.4910 
   00511    0.4140   -8478.4775  0.4870 
   00512    0.4132   -8451.2432  0.4837 
   00513    0.4140   -8440.5430  0.4831 
   00514    0.4244   -8461.7607  0.4869 
   00515    0.4084   -8451.8750  0.4866 
   00516    0.4100   -8437.0889  0.4843 
   00517    0.4372   -8454.4414  0.4787 
   00518    0.4228   -8464.0107  0.4746 
   00519    0.4192   -8498.1631  0.4717 
   00520    0.4120   -8488.6650  0.4685 
   00521    0.3940   -8493.7988  0.4647 
   00522    0.3956   -8471.5957  0.4661 
   00523    0.4160   -8458.9033  0.4597 
   00524    0.4328   -8456.4277  0.4572 
   00525    0.4064   -8450.5352  0.4589 
   00526    0.4200   -8496.8330  0.4630 
   00527    0.4092   -8493.6084  0.4651 
   00528    0.3916   -8511.3857  0.4637 
   00529    0.4180   -8497.2930  0.4620 
   00530    0.3968   -8509.0273  0.4599 
   00531    0.4388   -8507.0869  0.4649 
   00532    0.3952   -8489.8076  0.4625 
   00533    0.4144   -8466.8281  0.4612 
   00534    0.4064   -8458.2061  0.4620 
   00535    0.4068   -8509.0908  0.4760 
   00536    0.4100   -8512.9453  0.4810 
   00537    0.4024   -8559.5068  0.4832 
   00538    0.4120   -8567.6211  0.4854 
   00539    0.4288   -8537.1699  0.4872 
   00540    0.4192   -8507.1533  0.4822 
   00541    0.4120   -8479.7676  0.4847 
   00542    0.4092   -8510.9678  0.4887 
   00543    0.4356   -8488.0527  0.4946 
   00544    0.4160   -8437.5254  0.4963 
   00545    0.4228   -8459.6982  0.4910 
   00546    0.4244   -8460.7783  0.4911 
   00547    0.4088   -8491.6309  0.4899 
   00548    0.3992   -8522.9980  0.4887 
   00549    0.4048   -8515.7695  0.4888 
   00550    0.4120   -8482.4561  0.4839 
   00551    0.4288   -8468.3496  0.4787 
   00552    0.4300   -8465.4209  0.4832 
   00553    0.4072   -8493.6006  0.4773 
   00554    0.4204   -8449.6445  0.4781 
   00555    0.4260   -8451.5439  0.4740 
   00556    0.4100   -8468.2930  0.4709 
   00557    0.4376   -8460.6963  0.4650 
   00558    0.4076   -8438.7666  0.4641 
   00559    0.4056   -8475.3633  0.4634 
   00560    0.4068   -8454.2275  0.4591 
   00561    0.4232   -8471.2314  0.4587 
   00562    0.4068   -8463.5254  0.4580 
   00563    0.4152   -8469.6855  0.4575 
   00564    0.4232   -8519.7773  0.4524 
   00565    0.4164   -8446.2705  0.4447 
   00566    0.4376   -8452.2373  0.4469 
   00567    0.4108   -8503.6836  0.4516 
   00568    0.4164   -8517.7988  0.4565 
   00569    0.3952   -8500.7285  0.4582 
   00570    0.4188   -8452.9639  0.4615 
   00571    0.4204   -8477.1641  0.4589 
   00572    0.4136   -8480.3584  0.4560 
   00573    0.4148   -8466.4365  0.4565 
   00574    0.4140   -8445.5127  0.4612 
   00575    0.4224   -8495.3945  0.4624 
   00576    0.4084   -8514.0840  0.4681 
   00577    0.4072   -8522.6895  0.4705 
   00578    0.3968   -8547.2344  0.4737 
   00579    0.4164   -8528.6748  0.4717 
   00580    0.4200   -8512.5020  0.4707 
   00581    0.4260   -8552.1338  0.4713 
   00582    0.3976   -8542.6484  0.4725 
   00583    0.4168   -8526.5518  0.4710 
   00584    0.4228   -8533.5527  0.4712 
   00585    0.4012   -8488.1807  0.4719 
   00586    0.4020   -8466.4541  0.4714 
   00587    0.4020   -8451.8457  0.4715 
   00588    0.3992   -8448.0518  0.4797 
   00589    0.3976   -8484.0645  0.4809 
   00590    0.4240   -8502.1367  0.4873 
   00591    0.4360   -8465.9512  0.4941 
   00592    0.4096   -8402.9365  0.4867 
   00593    0.4116   -8402.8486  0.4858 
   00594    0.4096   -8454.3682  0.4913 
   00595    0.3972   -8475.4648  0.4897 
   00596    0.4092   -8505.2607  0.4957 
   00597    0.4084   -8500.0283  0.4892 
   00598    0.4076   -8494.9111  0.4871 
   00599    0.4280   -8477.4922  0.4964 
   00600    0.4288   -8467.5254  0.4948 
   00601    0.4032   -8494.4678  0.4941 
   00602    0.4344   -8531.7061  0.4955 
   00603    0.4076   -8526.4033  0.4948 
   00604    0.4160   -8504.2256  0.4958 
   00605    0.4252   -8458.0029  0.4934 
   00606    0.4396   -8494.5996  0.4907 
   00607    0.4240   -8462.3438  0.4897 
   00608    0.4160   -8483.8701  0.4926 
   00609    0.4092   -8473.9883  0.4933 
   00610    0.4256   -8484.7949  0.4950 
   00611    0.4068   -8473.5293  0.5002 
   00612    0.4164   -8458.5391  0.5046 
   00613    0.4148   -8448.7979  0.5028 
   00614    0.4152   -8449.7812  0.5012 
   00615    0.4108   -8449.1602  0.5034 
   00616    0.4088   -8441.6484  0.5005 
   00617    0.4080   -8455.1865  0.5008 
   00618    0.4276   -8421.6670  0.5038 
   00619    0.4288   -8513.3145  0.5062 
   00620    0.3976   -8543.4219  0.5110 
   00621    0.4056   -8515.1367  0.5077 
   00622    0.3964   -8552.6367  0.5128 
   00623    0.4040   -8550.8643  0.5127 
   00624    0.4172   -8540.6123  0.5147 
   00625    0.4100   -8530.1865  0.5124 
   00626    0.4144   -8518.2959  0.5086 
   00627    0.4280   -8500.3564  0.5007 
   00628    0.4040   -8499.9316  0.5065 
   00629    0.4076   -8516.9756  0.5016 
   00630    0.4120   -8477.7969  0.5066 
   00631    0.4180   -8474.7666  0.5005 
   00632    0.4136   -8483.7988  0.4994 
   00633    0.4172   -8464.8398  0.5015 
   00634    0.4144   -8479.9844  0.4991 
   00635    0.4128   -8509.7988  0.4998 
   00636    0.4052   -8494.6318  0.5001 
   00637    0.4040   -8481.2031  0.4977 
   00638    0.4096   -8506.4355  0.4951 
   00639    0.4300   -8501.7139  0.4975 
   00640    0.3892   -8444.9961  0.4982 
   00641    0.4032   -8476.1270  0.5060 
   00642    0.4240   -8482.8789  0.5043 
   00643    0.3948   -8506.1523  0.5051 
   00644    0.4288   -8517.7588  0.5022 
   00645    0.4124   -8510.3887  0.5018 
   00646    0.4172   -8514.9951  0.4978 
   00647    0.3968   -8495.1631  0.4989 
   00648    0.4092   -8542.7334  0.5046 
   00649    0.4140   -8529.9023  0.4993 
   00650    0.3980   -8543.7891  0.5094 
   00651    0.4120   -8534.5098  0.5088 
   00652    0.4120   -8556.8760  0.5065 
   00653    0.4072   -8526.7373  0.5025 
   00654    0.4128   -8532.9951  0.5034 
   00655    0.4100   -8492.0254  0.4998 
   00656    0.3996   -8475.9736  0.5011 
   00657    0.4160   -8506.7832  0.4977 
   00658    0.3940   -8552.1924  0.5035 
   00659    0.4084   -8520.0879  0.5061 
   00660    0.3984   -8526.2285  0.5081 
   00661    0.4116   -8541.6885  0.5094 
   00662    0.4164   -8601.7314  0.5146 
   00663    0.4016   -8569.9854  0.5097 
   00664    0.4012   -8561.4619  0.5126 
   00665    0.4276   -8525.9258  0.5085 
   00666    0.4136   -8515.4160  0.5079 
   00667    0.4012   -8556.5684  0.5119 
   00668    0.4144   -8515.1455  0.5105 
   00669    0.4080   -8551.1055  0.5053 
   00670    0.4196   -8547.3955  0.5013 
   00671    0.3948   -8533.0381  0.4970 
   00672    0.4112   -8487.5801  0.4959 
   00673    0.4120   -8498.2236  0.5000 
   00674    0.4244   -8497.3291  0.4975 
   00675    0.4112   -8470.1973  0.4940 
   00676    0.4124   -8485.3574  0.5039 
   00677    0.4172   -8496.9414  0.5026 
   00678    0.4180   -8499.6885  0.5079 
   00679    0.4016   -8543.8232  0.5092 
   00680    0.4076   -8526.3594  0.5159 
   00681    0.4260   -8472.9404  0.5123 
   00682    0.4276   -8464.9805  0.5135 
   00683    0.3984   -8426.7949  0.5128 
   00684    0.3964   -8410.2754  0.5104 
   00685    0.4156   -8467.1025  0.5122 
   00686    0.4188   -8472.7549  0.5137 
   00687    0.4364   -8421.3711  0.5062 
   00688    0.4224   -8439.2588  0.5053 
   00689    0.4144   -8419.6455  0.5040 
   00690    0.4196   -8431.0977  0.4973 
   00691    0.4216   -8493.6162  0.4989 
   00692    0.3944   -8532.6895  0.5030 
   00693    0.4200   -8534.0439  0.5081 
   00694    0.3940   -8501.0254  0.5080 
   00695    0.4136   -8465.4971  0.5107 
   00696    0.4048   -8473.9258  0.5057 
   00697    0.4144   -8442.7754  0.5056 
   00698    0.4068   -8423.6348  0.5140 
   00699    0.4252   -8474.2197  0.5183 
   00700    0.4208   -8433.9277  0.5147 
   00701    0.4036   -8429.7227  0.5202 
   00702    0.4128   -8462.7471  0.5177 
   00703    0.4236   -8464.1455  0.5199 
   00704    0.4000   -8461.5420  0.5176 
   00705    0.4048   -8477.5000  0.5162 
   00706    0.4072   -8499.3135  0.5183 
   00707    0.4168   -8556.9453  0.5188 
   00708    0.4060   -8504.6328  0.5115 
   00709    0.4132   -8510.5244  0.5071 
   00710    0.4128   -8507.3018  0.5068 
   00711    0.3972   -8531.4258  0.5083 
   00712    0.4116   -8515.3369  0.5051 
   00713    0.4092   -8498.1221  0.5072 
   00714    0.4156   -8489.1025  0.4966 
   00715    0.4028   -8498.0537  0.4955 
   00716    0.4144   -8498.8320  0.4942 
   00717    0.4224   -8540.0381  0.4892 
   00718    0.4000   -8558.4238  0.4898 
   00719    0.4076   -8541.8506  0.4834 
   00720    0.4280   -8520.9014  0.4861 
   00721    0.4144   -8528.1182  0.4862 
   00722    0.4068   -8487.0586  0.4788 
   00723    0.4084   -8487.4150  0.4774 
   00724    0.4072   -8459.1123  0.4751 
   00725    0.4196   -8451.2607  0.4780 
   00726    0.4132   -8453.4170  0.4816 
   00727    0.4064   -8400.2354  0.4782 
   00728    0.3964   -8410.3535  0.4771 
   00729    0.4088   -8406.0635  0.4769 
   00730    0.4064   -8431.0801  0.4799 
   00731    0.3964   -8487.0186  0.4795 
   00732    0.4252   -8480.5615  0.4836 
   00733    0.4220   -8467.1172  0.4883 
   00734    0.4276   -8513.5674  0.4897 
   00735    0.4148   -8530.3672  0.4880 
   00736    0.4248   -8561.9453  0.4897 
   00737    0.4104   -8559.3154  0.4937 
   00738    0.4180   -8529.8965  0.4993 
   00739    0.3900   -8590.7783  0.5004 
   00740    0.4044   -8570.2842  0.5004 
   00741    0.4120   -8606.3125  0.5041 
   00742    0.4076   -8607.7744  0.5005 
   00743    0.4176   -8574.1143  0.4961 
   00744    0.3960   -8577.4023  0.4997 
   00745    0.3988   -8578.6729  0.4981 
   00746    0.4104   -8588.3838  0.4988 
   00747    0.4092   -8573.2139  0.4973 
   00748    0.4104   -8527.4570  0.4920 
   00749    0.4136   -8574.4326  0.4854 
   00750    0.4168   -8557.5371  0.4884 
   00751    0.3984   -8572.3887  0.4931 
   00752    0.4124   -8572.2910  0.4919 
   00753    0.4172   -8524.5186  0.4952 
   00754    0.4196   -8504.3145  0.4896 
   00755    0.3992   -8472.6895  0.4947 
   00756    0.3976   -8465.4883  0.4986 
   00757    0.4220   -8487.2227  0.5021 
   00758    0.4212   -8495.8428  0.4993 
   00759    0.4052   -8527.3467  0.5029 
   00760    0.4292   -8553.8125  0.5044 
   00761    0.4196   -8542.7373  0.5047 
   00762    0.4164   -8533.7129  0.5032 
   00763    0.3940   -8526.3682  0.5032 
   00764    0.4156   -8508.4717  0.5090 
   00765    0.4200   -8532.3311  0.5061 
   00766    0.4168   -8569.8057  0.5077 
   00767    0.4164   -8592.7510  0.5088 
   00768    0.4172   -8621.0645  0.5057 
   00769    0.4164   -8562.3633  0.5125 
   00770    0.4076   -8547.5752  0.5054 
   00771    0.3936   -8521.3975  0.5033 
   00772    0.4148   -8491.1396  0.5020 
   00773    0.4228   -8472.4971  0.5022 
   00774    0.4188   -8501.9297  0.4981 
   00775    0.3956   -8524.8389  0.5054 
   00776    0.4188   -8506.4492  0.5085 
   00777    0.3964   -8543.2070  0.5047 
   00778    0.4012   -8563.8242  0.5092 
   00779    0.4168   -8609.5762  0.5067 
   00780    0.3904   -8610.3867  0.5012 
   00781    0.4120   -8588.9678  0.5053 
   00782    0.4160   -8580.0693  0.5016 
   00783    0.4244   -8539.2520  0.4975 
   00784    0.4056   -8568.1504  0.4947 
   00785    0.4080   -8627.8730  0.5050 
   00786    0.3948   -8640.8418  0.5041 
   00787    0.4096   -8601.5020  0.5067 
   00788    0.4124   -8576.3447  0.4993 
   00789    0.3988   -8560.7314  0.4979 
   00790    0.4240   -8488.7012  0.4955 
   00791    0.4012   -8530.5020  0.4953 
   00792    0.4068   -8540.2031  0.4964 
   00793    0.4296   -8520.2402  0.4919 
   00794    0.4100   -8526.6318  0.4986 
   00795    0.4276   -8516.3750  0.4977 
   00796    0.4104   -8504.6094  0.4999 
   00797    0.4236   -8510.1885  0.4977 
   00798    0.4256   -8482.0332  0.4998 
   00799    0.4080   -8481.3223  0.5072 
   00800    0.4196   -8489.3604  0.5055 
   00801    0.4232   -8474.5586  0.5029 
   00802    0.4048   -8489.0361  0.5057 
   00803    0.4356   -8453.2568  0.5084 
   00804    0.4420   -8452.4570  0.5084 
   00805    0.4108   -8472.6523  0.5093 
   00806    0.4028   -8498.2109  0.5092 
   00807    0.4204   -8513.6553  0.5096 
   00808    0.4156   -8552.6582  0.5083 
   00809    0.3996   -8543.8936  0.5045 
   00810    0.4072   -8486.5459  0.5088 
   00811    0.4192   -8454.8232  0.5121 
   00812    0.4120   -8438.4170  0.5090 
   00813    0.4172   -8464.8301  0.5083 
   00814    0.4036   -8504.8887  0.5113 
   00815    0.4288   -8536.3457  0.5126 
   00816    0.4144   -8488.8926  0.5153 
   00817    0.4164   -8471.9355  0.5127 
   00818    0.4348   -8476.2217  0.5178 
   00819    0.4280   -8505.5801  0.5226 
   00820    0.4136   -8524.1045  0.5179 
   00821    0.4120   -8474.5059  0.5198 
   00822    0.4060   -8563.0312  0.5178 
   00823    0.3964   -8543.3906  0.5172 
   00824    0.4184   -8566.6816  0.5182 
   00825    0.4132   -8544.9971  0.5193 
   00826    0.4196   -8551.9961  0.5211 
   00827    0.3956   -8516.8438  0.5184 
   00828    0.4004   -8481.2744  0.5213 
   00829    0.4352   -8511.0742  0.5196 
   00830    0.3904   -8498.2900  0.5207 
   00831    0.3956   -8441.2852  0.5156 
   00832    0.4048   -8455.7832  0.5119 
   00833    0.4216   -8490.8975  0.5109 
   00834    0.3868   -8547.7812  0.5251 
   00835    0.4020   -8495.8369  0.5228 
   00836    0.4160   -8539.2529  0.5207 
   00837    0.3940   -8550.7598  0.5225 
   00838    0.3992   -8535.2158  0.5272 
   00839    0.4312   -8565.6758  0.5287 
   00840    0.4200   -8542.6279  0.5293 
   00841    0.4016   -8553.1758  0.5308 
   00842    0.4268   -8492.4961  0.5200 
   00843    0.4164   -8484.4658  0.5190 
   00844    0.4348   -8521.7979  0.5196 
   00845    0.4264   -8539.2031  0.5082 
   00846    0.4140   -8525.3076  0.5101 
   00847    0.4180   -8515.6699  0.5089 
   00848    0.4184   -8487.9150  0.5053 
   00849    0.4076   -8524.1846  0.4996 
   00850    0.4044   -8503.5010  0.5022 
   00851    0.4248   -8513.8623  0.5015 
   00852    0.4040   -8550.3281  0.4990 
   00853    0.3924   -8587.8271  0.5076 
   00854    0.4112   -8602.3291  0.5048 
   00855    0.4156   -8575.3047  0.5068 
   00856    0.4232   -8564.8350  0.5023 
   00857    0.4148   -8565.0596  0.5014 
   00858    0.4076   -8517.4082  0.5031 
   00859    0.3896   -8560.5908  0.5039 
   00860    0.4084   -8573.8877  0.5020 
   00861    0.4024   -8520.3418  0.5102 
   00862    0.4112   -8538.8340  0.5144 
   00863    0.4124   -8471.8955  0.5152 
   00864    0.4296   -8511.2109  0.5142 
   00865    0.4092   -8500.1016  0.5151 
   00866    0.4048   -8522.1729  0.5118 
   00867    0.4136   -8573.2842  0.5114 
   00868    0.4088   -8563.2715  0.5101 
   00869    0.3992   -8538.8516  0.5079 
   00870    0.4188   -8556.3291  0.5114 
   00871    0.4024   -8515.2451  0.5131 
   00872    0.3944   -8520.1602  0.5094 
   00873    0.4136   -8565.1680  0.5061 
   00874    0.4164   -8518.7969  0.5073 
   00875    0.4192   -8496.9844  0.5054 
   00876    0.4056   -8554.6846  0.5097 
   00877    0.4184   -8525.5762  0.5128 
   00878    0.4004   -8584.9512  0.5179 
   00879    0.4240   -8638.6533  0.5188 
   00880    0.4152   -8624.3623  0.5165 
   00881    0.4036   -8605.2285  0.5223 
   00882    0.4112   -8554.8301  0.5214 
   00883    0.4056   -8550.5332  0.5253 
   00884    0.4204   -8517.4521  0.5242 
   00885    0.4160   -8562.1768  0.5257 
   00886    0.4120   -8556.6191  0.5214 
   00887    0.4112   -8526.7803  0.5124 
   00888    0.4048   -8465.1055  0.5133 
   00889    0.4108   -8457.8604  0.5079 
   00890    0.3984   -8474.6787  0.5172 
   00891    0.4052   -8461.8467  0.5128 
   00892    0.4160   -8484.4180  0.5129 
   00893    0.4320   -8500.5859  0.5157 
   00894    0.4144   -8467.3076  0.5221 
   00895    0.4332   -8514.9785  0.5261 
   00896    0.4064   -8547.7012  0.5258 
   00897    0.4280   -8547.9971  0.5271 
   00898    0.4236   -8567.4463  0.5252 
   00899    0.3976   -8572.5342  0.5291 
   00900    0.4172   -8537.3838  0.5375 
   00901    0.4200   -8482.4043  0.5317 
   00902    0.4116   -8482.5039  0.5324 
   00903    0.4128   -8496.2480  0.5336 
   00904    0.4268   -8453.0674  0.5363 
   00905    0.4004   -8433.8330  0.5375 
   00906    0.4040   -8462.8838  0.5353 
   00907    0.4204   -8464.0869  0.5394 
   00908    0.4068   -8424.1709  0.5350 
   00909    0.4112   -8451.0381  0.5371 
   00910    0.4144   -8495.9502  0.5393 
   00911    0.4212   -8498.0059  0.5410 
   00912    0.4192   -8510.0137  0.5436 
   00913    0.4120   -8513.4619  0.5391 
   00914    0.4164   -8537.6729  0.5462 
   00915    0.4164   -8504.1201  0.5465 
   00916    0.4164   -8514.9268  0.5448 
   00917    0.4052   -8567.7607  0.5402 
   00918    0.4004   -8547.6641  0.5498 
   00919    0.4004   -8505.5869  0.5453 
   00920    0.4208   -8474.9814  0.5411 
   00921    0.4136   -8514.1289  0.5471 
   00922    0.4096   -8528.5156  0.5451 
   00923    0.4336   -8510.7822  0.5422 
   00924    0.4000   -8516.2715  0.5404 
   00925    0.4120   -8530.9639  0.5401 
   00926    0.4152   -8474.7305  0.5374 
   00927    0.4052   -8456.6543  0.5358 
   00928    0.4144   -8477.7529  0.5427 
   00929    0.4156   -8474.6982  0.5463 
   00930    0.4140   -8508.6299  0.5481 
   00931    0.4036   -8544.9023  0.5517 
   00932    0.4036   -8540.6191  0.5488 
   00933    0.4124   -8518.9785  0.5484 
   00934    0.4352   -8513.0615  0.5433 
   00935    0.4168   -8491.1758  0.5444 
   00936    0.4024   -8482.3633  0.5424 
   00937    0.4080   -8487.5596  0.5470 
   00938    0.4256   -8515.1523  0.5481 
   00939    0.4088   -8526.2646  0.5485 
   00940    0.3936   -8517.5020  0.5448 
   00941    0.3996   -8451.3232  0.5403 
   00942    0.4140   -8427.9756  0.5431 
   00943    0.4236   -8416.2178  0.5498 
   00944    0.4272   -8387.7764  0.5498 
   00945    0.4128   -8428.8770  0.5479 
   00946    0.4160   -8439.7959  0.5495 
   00947    0.4024   -8437.1133  0.5500 
   00948    0.4196   -8472.1670  0.5520 
   00949    0.4192   -8442.5488  0.5515 
   00950    0.4188   -8441.0498  0.5535 
   00951    0.4176   -8456.2852  0.5595 
   00952    0.4152   -8496.2236  0.5629 
   00953    0.4044   -8492.5107  0.5587 
   00954    0.4220   -8517.3623  0.5608 
   00955    0.4088   -8523.3164  0.5610 
   00956    0.4144   -8535.8828  0.5687 
   00957    0.4012   -8532.2549  0.5626 
   00958    0.4084   -8563.5771  0.5704 
   00959    0.4184   -8560.5693  0.5689 
   00960    0.4076   -8577.5830  0.5688 
   00961    0.4204   -8555.1074  0.5658 
   00962    0.4032   -8536.4434  0.5634 
   00963    0.4096   -8521.8057  0.5678 
   00964    0.4076   -8521.3643  0.5655 
   00965    0.4048   -8530.8486  0.5643 
   00966    0.4056   -8508.4707  0.5592 
   00967    0.4088   -8489.4424  0.5577 
   00968    0.4116   -8499.1592  0.5509 
   00969    0.4124   -8470.7354  0.5530 
   00970    0.4168   -8496.9980  0.5540 
   00971    0.4036   -8513.7256  0.5506 
   00972    0.4132   -8514.3457  0.5497 
   00973    0.4064   -8507.8438  0.5485 
   00974    0.4228   -8470.4678  0.5460 
   00975    0.4112   -8474.2900  0.5456 
   00976    0.4092   -8470.4121  0.5454 
   00977    0.3928   -8500.1348  0.5530 
   00978    0.4276   -8521.4912  0.5589 
   00979    0.4136   -8548.3320  0.5602 
   00980    0.4016   -8560.0039  0.5704 
   00981    0.4056   -8546.8711  0.5685 
   00982    0.4320   -8544.8008  0.5640 
   00983    0.3828   -8557.4111  0.5630 
   00984    0.3948   -8548.3916  0.5581 
   00985    0.3952   -8581.6484  0.5605 
   00986    0.4000   -8578.1973  0.5569 
   00987    0.4136   -8588.7188  0.5579 
   00988    0.4144   -8608.7021  0.5512 
   00989    0.4196   -8551.4775  0.5548 
   00990    0.4080   -8566.5449  0.5570 
   00991    0.4092   -8550.7490  0.5535 
   00992    0.4128   -8492.9150  0.5523 
   00993    0.4200   -8503.2637  0.5508 
   00994    0.4080   -8481.1699  0.5518 
   00995    0.4068   -8444.2158  0.5435 
   00996    0.4040   -8435.4043  0.5440 
   00997    0.4032   -8435.6816  0.5434 
   00998    0.4020   -8426.2021  0.5373 
   00999    0.4124   -8473.6250  0.5408 
   01000    0.4000   -8432.7529  0.5382 
   01001    0.4092   -8465.3271  0.5397 
   01002    0.4032   -8479.9482  0.5397 
   01003    0.4072   -8483.4023  0.5402 
   01004    0.4064   -8513.6094  0.5397 
   01005    0.4184   -8496.4102  0.5409 
   01006    0.4100   -8482.8955  0.5362 
   01007    0.4040   -8453.9229  0.5437 
   01008    0.4364   -8473.2236  0.5405 
   01009    0.4064   -8515.5938  0.5385 
   01010    0.4100   -8556.0205  0.5395 
   01011    0.4104   -8504.5908  0.5433 
   01012    0.4048   -8475.4316  0.5435 
   01013    0.4188   -8503.3223  0.5499 
   01014    0.4004   -8491.2334  0.5490 
   01015    0.4200   -8456.5605  0.5460 
   01016    0.4148   -8471.9717  0.5469 
   01017    0.4080   -8482.4746  0.5486 
   01018    0.4060   -8493.3789  0.5437 
   01019    0.4104   -8470.4238  0.5449 
   01020    0.4084   -8480.7344  0.5503 
   01021    0.4284   -8495.8809  0.5592 
   01022    0.4388   -8494.0322  0.5637 
   01023    0.4164   -8485.7275  0.5673 
   01024    0.4088   -8448.2969  0.5699 
   01025    0.3972   -8476.6768  0.5704 
   01026    0.4172   -8514.9014  0.5713 
   01027    0.4100   -8542.4951  0.5796 
   01028    0.4320   -8518.2100  0.5793 
   01029    0.4196   -8540.6465  0.5791 
   01030    0.4180   -8551.2725  0.5740 
   01031    0.4256   -8555.0596  0.5683 
   01032    0.4112   -8587.8096  0.5644 
   01033    0.3996   -8615.5010  0.5598 
   01034    0.4088   -8632.4463  0.5634 
   01035    0.4132   -8589.1172  0.5648 
   01036    0.4196   -8551.1777  0.5730 
   01037    0.4000   -8577.2764  0.5663 
   01038    0.4148   -8568.7354  0.5659 
   01039    0.4084   -8599.2041  0.5629 
   01040    0.3956   -8552.8418  0.5583 
   01041    0.4104   -8542.4502  0.5560 
   01042    0.4240   -8546.9922  0.5593 
   01043    0.4000   -8578.8799  0.5598 
   01044    0.4144   -8549.6953  0.5579 
   01045    0.4012   -8561.3887  0.5595 
   01046    0.3928   -8478.0791  0.5626 
   01047    0.4184   -8438.1504  0.5550 
   01048    0.4276   -8458.7871  0.5569 
   01049    0.4168   -8438.5762  0.5589 
   01050    0.4052   -8500.1533  0.5641 
   01051    0.4012   -8487.7676  0.5660 
   01052    0.4132   -8544.7266  0.5681 
   01053    0.4092   -8527.3447  0.5643 
   01054    0.3956   -8519.7041  0.5646 
   01055    0.4336   -8505.5996  0.5650 
   01056    0.4284   -8502.2490  0.5716 
   01057    0.4152   -8478.1836  0.5717 
   01058    0.4052   -8514.4883  0.5687 
   01059    0.3996   -8532.5420  0.5714 
   01060    0.4176   -8511.8486  0.5734 
   01061    0.4148   -8532.6689  0.5808 
   01062    0.4040   -8485.2979  0.5804 
   01063    0.4136   -8463.8789  0.5774 
   01064    0.4152   -8489.7100  0.5738 
   01065    0.4156   -8541.7461  0.5766 
   01066    0.4176   -8554.8662  0.5748 
   01067    0.4072   -8551.1660  0.5768 
   01068    0.4016   -8592.5215  0.5752 
   01069    0.4144   -8533.6436  0.5756 
   01070    0.4028   -8533.2051  0.5733 
   01071    0.4016   -8573.4570  0.5728 
   01072    0.4188   -8573.9316  0.5765 
   01073    0.4056   -8553.8154  0.5743 
   01074    0.4036   -8542.1162  0.5773 
   01075    0.4060   -8550.8271  0.5803 
   01076    0.3928   -8524.0039  0.5827 
   01077    0.4040   -8536.4443  0.5869 
   01078    0.4000   -8519.8438  0.5834 
   01079    0.4016   -8563.7471  0.5830 
   01080    0.3912   -8541.7334  0.5768 
   01081    0.3992   -8530.4082  0.5690 
   01082    0.4104   -8519.7090  0.5604 
   01083    0.4256   -8521.9697  0.5598 
   01084    0.4104   -8559.2920  0.5628 
   01085    0.4052   -8525.5967  0.5649 
   01086    0.3852   -8510.6592  0.5688 
   01087    0.4152   -8505.9111  0.5719 
   01088    0.4092   -8535.0801  0.5729 
   01089    0.4116   -8501.2871  0.5740 
   01090    0.4208   -8504.0732  0.5710 
   01091    0.3900   -8537.0000  0.5743 
   01092    0.3992   -8533.5986  0.5731 
   01093    0.4196   -8530.6963  0.5696 
   01094    0.4300   -8554.0596  0.5646 
   01095    0.4252   -8535.0459  0.5636 
   01096    0.4116   -8529.9297  0.5645 
   01097    0.4056   -8502.8623  0.5666 
   01098    0.4196   -8495.1797  0.5682 
   01099    0.4112   -8516.2314  0.5732 
   01100    0.4104   -8476.2861  0.5728 
   01101    0.4196   -8486.8252  0.5717 
   01102    0.4260   -8530.5342  0.5700 
   01103    0.4016   -8563.9902  0.5656 
   01104    0.4024   -8538.2568  0.5672 
   01105    0.4068   -8564.0508  0.5697 
   01106    0.4028   -8583.7090  0.5676 
   01107    0.4040   -8607.0996  0.5665 
   01108    0.4160   -8602.6465  0.5675 
   01109    0.3988   -8553.6621  0.5666 
   01110    0.4144   -8583.8691  0.5700 
   01111    0.4120   -8586.1719  0.5653 
   01112    0.4068   -8595.1953  0.5666 
   01113    0.4152   -8564.6992  0.5682 
   01114    0.4164   -8509.2510  0.5701 
   01115    0.4112   -8550.0986  0.5773 
   01116    0.4184   -8586.2900  0.5805 
   01117    0.4056   -8527.7598  0.5800 
   01118    0.4164   -8505.9746  0.5825 
   01119    0.4240   -8501.7773  0.5844 
   01120    0.4316   -8529.0156  0.5833 
   01121    0.4036   -8562.8604  0.5808 
   01122    0.4028   -8582.6943  0.5841 
   01123    0.4092   -8612.3027  0.5807 
   01124    0.3996   -8590.5293  0.5713 
   01125    0.4088   -8536.1543  0.5700 
   01126    0.3944   -8467.2910  0.5760 
   01127    0.4100   -8485.3018  0.5831 
   01128    0.4280   -8472.1104  0.5798 
   01129    0.4088   -8465.2197  0.5828 
   01130    0.4084   -8486.2637  0.5846 
   01131    0.4140   -8520.7354  0.5868 
   01132    0.4076   -8579.0928  0.5885 
   01133    0.4100   -8623.1465  0.5932 
   01134    0.4132   -8622.7529  0.5915 
   01135    0.3992   -8597.1123  0.5900 
   01136    0.4176   -8565.3525  0.5842 
   01137    0.3916   -8550.7881  0.5789 
   01138    0.4132   -8565.2412  0.5787 
   01139    0.4084   -8582.4395  0.5816 
   01140    0.3980   -8638.1875  0.5860 
   01141    0.3952   -8604.0547  0.5857 
   01142    0.4164   -8594.6494  0.5847 
   01143    0.4044   -8524.6396  0.5892 
   01144    0.4188   -8520.4199  0.5852 
   01145    0.4096   -8477.6279  0.5875 
   01146    0.3940   -8431.3799  0.5854 
   01147    0.4168   -8454.5010  0.5927 
   01148    0.4248   -8461.5518  0.5921 
   01149    0.4164   -8442.1094  0.5896 
   01150    0.4252   -8506.7793  0.5935 
   01151    0.3948   -8528.1260  0.5910 
   01152    0.4056   -8487.8086  0.5938 
   01153    0.4072   -8447.1455  0.5972 
   01154    0.4092   -8480.6689  0.5978 
   01155    0.4328   -8529.7412  0.5993 
   01156    0.4056   -8533.5391  0.5988 
   01157    0.4100   -8538.1016  0.5997 
   01158    0.4088   -8522.9707  0.5932 
   01159    0.4160   -8463.1279  0.5941 
   01160    0.4288   -8422.0488  0.5933 
   01161    0.4264   -8457.5840  0.5879 
   01162    0.3940   -8468.6123  0.5890 
   01163    0.3944   -8509.8594  0.5932 
   01164    0.4220   -8457.8857  0.5829 
   01165    0.3980   -8451.6445  0.5763 
   01166    0.4212   -8436.9287  0.5712 
   01167    0.4124   -8430.1572  0.5734 
   01168    0.4232   -8399.9668  0.5778 
   01169    0.4252   -8436.0273  0.5829 
   01170    0.4180   -8482.9180  0.5800 
   01171    0.4388   -8442.7480  0.5797 
   01172    0.4108   -8440.9746  0.5799 
   01173    0.4132   -8466.2881  0.5889 
   01174    0.4084   -8433.1553  0.5875 
   01175    0.4056   -8446.9082  0.5936 
   01176    0.4120   -8527.8799  0.5970 
   01177    0.4292   -8548.5127  0.6001 
   01178    0.4240   -8523.7471  0.6020 
   01179    0.4080   -8514.0127  0.5997 
   01180    0.4084   -8474.0957  0.5994 
   01181    0.4072   -8458.0283  0.5991 
   01182    0.4136   -8422.0732  0.5981 
   01183    0.4384   -8387.0762  0.5986 
   01184    0.4228   -8423.7695  0.5955 
   01185    0.4180   -8477.3838  0.5912 
   01186    0.4056   -8477.1250  0.5929 
   01187    0.4064   -8495.0986  0.5955 
   01188    0.4056   -8469.5840  0.5966 
   01189    0.4256   -8497.9385  0.6006 
   01190    0.4168   -8488.7734  0.6037 
   01191    0.4028   -8467.4629  0.5999 
   01192    0.4136   -8456.1436  0.5978 
   01193    0.4100   -8455.7637  0.5983 
   01194    0.4192   -8464.7285  0.5991 
   01195    0.4164   -8471.2949  0.5994 
   01196    0.4188   -8516.0703  0.6107 
   01197    0.3940   -8562.0820  0.6123 
   01198    0.4040   -8573.6562  0.6107 
   01199    0.4196   -8559.5107  0.6107 
   01200    0.4156   -8593.0322  0.6189 
   01201    0.4068   -8579.5107  0.6207 
   01202    0.4144   -8502.8662  0.6122 
   01203    0.4112   -8515.8984  0.6119 
   01204    0.4304   -8504.5176  0.6156 
   01205    0.4228   -8510.7383  0.6150 
   01206    0.4112   -8527.1240  0.6095 
   01207    0.4004   -8525.6963  0.6013 
   01208    0.4020   -8570.2031  0.5976 
   01209    0.3988   -8554.2109  0.5967 
   01210    0.4144   -8555.4443  0.5956 
   01211    0.4132   -8548.9395  0.6001 
   01212    0.3888   -8544.5439  0.5943 
   01213    0.4132   -8520.7344  0.5879 
   01214    0.4084   -8484.9219  0.5831 
   01215    0.4020   -8428.3115  0.5802 
   01216    0.4152   -8478.9014  0.5813 
   01217    0.4288   -8477.0244  0.5784 
   01218    0.4256   -8463.3994  0.5737 
   01219    0.4116   -8497.4141  0.5697 
   01220    0.4164   -8506.0527  0.5714 
   01221    0.3996   -8512.9307  0.5760 
   01222    0.4216   -8502.9668  0.5864 
   01223    0.3936   -8493.7285  0.5851 
   01224    0.4212   -8498.0781  0.5849 
   01225    0.4080   -8488.0449  0.5902 
   01226    0.4040   -8516.9316  0.5928 
   01227    0.3988   -8547.2793  0.5951 
   01228    0.4012   -8565.6602  0.5987 
   01229    0.3960   -8565.6250  0.6009 
   01230    0.4148   -8558.0264  0.5975 
   01231    0.4104   -8605.9297  0.5954 
   01232    0.4212   -8512.5488  0.5913 
   01233    0.3972   -8499.2617  0.5911 
   01234    0.4068   -8490.6670  0.5921 
   01235    0.4040   -8519.8477  0.5953 
   01236    0.4140   -8517.3301  0.5962 
   01237    0.4044   -8550.1230  0.5922 
   01238    0.4132   -8507.8398  0.5899 
   01239    0.4048   -8546.6875  0.5973 
   01240    0.4224   -8493.6406  0.5974 
   01241    0.4232   -8501.4375  0.6051 
   01242    0.4148   -8503.2178  0.6034 
   01243    0.4232   -8479.2139  0.5972 
   01244    0.4032   -8467.2441  0.5918 
   01245    0.3960   -8445.5068  0.5877 
   01246    0.4048   -8450.4648  0.5850 
   01247    0.4296   -8457.6895  0.5890 
   01248    0.4140   -8479.6553  0.5875 
   01249    0.4080   -8480.2930  0.5859 
   01250    0.4088   -8493.8467  0.5876 
   01251    0.4076   -8499.7207  0.5906 
   01252    0.4232   -8519.0840  0.5843 
   01253    0.4060   -8542.6777  0.5809 
   01254    0.3964   -8515.0840  0.5773 
   01255    0.4128   -8465.3311  0.5729 
   01256    0.4056   -8500.2510  0.5726 
   01257    0.4028   -8477.1064  0.5757 
   01258    0.4328   -8411.2842  0.5746 
   01259    0.4148   -8400.4287  0.5765 
   01260    0.4100   -8387.3545  0.5791 
   01261    0.4052   -8415.6025  0.5765 
   01262    0.4056   -8431.3711  0.5773 
   01263    0.4320   -8420.7656  0.5804 
   01264    0.4024   -8440.7354  0.5825 
   01265    0.4068   -8438.3203  0.5853 
   01266    0.4140   -8483.1270  0.5944 
   01267    0.4224   -8521.1885  0.5940 
   01268    0.4124   -8540.3555  0.5925 
   01269    0.4112   -8541.7949  0.5886 
   01270    0.4076   -8566.1914  0.5902 
   01271    0.4012   -8529.8516  0.5899 
   01272    0.4048   -8533.5615  0.5904 
   01273    0.4004   -8575.8076  0.5939 
   01274    0.4312   -8556.6572  0.6002 
   01275    0.4072   -8517.5186  0.6053 
   01276    0.3972   -8458.3779  0.6038 
   01277    0.4060   -8447.5293  0.6057 
   01278    0.4200   -8480.0879  0.6039 
   01279    0.4020   -8537.6172  0.6047 
   01280    0.4048   -8505.8398  0.6125 
   01281    0.4028   -8482.5762  0.6116 
   01282    0.4176   -8502.1885  0.6155 
   01283    0.3996   -8543.2949  0.6151 
   01284    0.4064   -8541.1113  0.6131 
   01285    0.4236   -8538.3662  0.6142 
   01286    0.4008   -8531.3066  0.6130 
   01287    0.3936   -8505.3594  0.6154 
   01288    0.4244   -8491.3818  0.6141 
   01289    0.4092   -8516.2480  0.6202 
   01290    0.4104   -8532.4844  0.6227 
   01291    0.4052   -8554.2725  0.6221 
   01292    0.3984   -8542.8740  0.6234 
   01293    0.4140   -8516.4404  0.6192 
   01294    0.4020   -8537.9238  0.6219 
   01295    0.4016   -8513.9014  0.6186 
   01296    0.4052   -8553.5654  0.6238 
   01297    0.4084   -8567.1514  0.6262 
   01298    0.3948   -8557.6104  0.6251 
   01299    0.3976   -8566.1416  0.6247 
   01300    0.3892   -8557.6855  0.6253 
   01301    0.4176   -8583.4004  0.6243 
   01302    0.4040   -8613.8330  0.6223 
   01303    0.4040   -8633.9746  0.6281 
   01304    0.4116   -8562.6006  0.6209 
   01305    0.4252   -8520.8125  0.6221 
   01306    0.4064   -8473.6602  0.6224 
   01307    0.4064   -8479.3750  0.6208 
   01308    0.4048   -8530.8721  0.6148 
   01309    0.4140   -8550.1816  0.6121 
   01310    0.4068   -8510.4697  0.6100 
   01311    0.4260   -8506.9043  0.6030 
   01312    0.4136   -8538.1016  0.6063 
   01313    0.4088   -8565.0000  0.6067 
   01314    0.3908   -8584.9326  0.6065 
   01315    0.4160   -8543.9541  0.6085 
   01316    0.4212   -8502.3779  0.6048 
   01317    0.4196   -8472.0420  0.6032 
   01318    0.4096   -8474.1572  0.6029 
   01319    0.4024   -8466.8779  0.6043 
   01320    0.4260   -8444.2129  0.6096 
   01321    0.4148   -8466.2559  0.6113 
   01322    0.4148   -8436.7100  0.6130 
   01323    0.4180   -8490.4365  0.6103 
   01324    0.4228   -8503.3564  0.6106 
   01325    0.4188   -8489.5918  0.6070 
   01326    0.4020   -8515.3955  0.6048 
   01327    0.4252   -8524.5693  0.5997 
   01328    0.3944   -8522.1934  0.5974 
   01329    0.4048   -8573.8398  0.5991 
   01330    0.4248   -8530.7852  0.5994 
   01331    0.4136   -8563.5820  0.5990 
   01332    0.4108   -8541.5068  0.6011 
   01333    0.4252   -8535.2344  0.6017 
   01334    0.4020   -8498.9297  0.6121 
   01335    0.4204   -8453.5283  0.6095 
   01336    0.4180   -8501.9297  0.6039 
   01337    0.3960   -8495.5156  0.6024 
   01338    0.4168   -8502.9404  0.5983 
   01339    0.4168   -8473.9521  0.5983 
   01340    0.4164   -8482.6074  0.5976 
   01341    0.4100   -8512.3916  0.6017 
   01342    0.4040   -8535.8369  0.6031 
   01343    0.4028   -8543.8428  0.6050 
   01344    0.3988   -8542.0508  0.6033 
   01345    0.4240   -8588.5889  0.6090 
   01346    0.4140   -8578.8428  0.6027 
   01347    0.4104   -8560.5742  0.5997 
   01348    0.3836   -8565.8652  0.5987 
   01349    0.4104   -8559.0342  0.6019 
   01350    0.3956   -8560.0322  0.6039 
   01351    0.4068   -8561.0479  0.6055 
   01352    0.4208   -8552.6523  0.6031 
   01353    0.4316   -8569.2617  0.6069 
   01354    0.4128   -8543.3604  0.6102 
   01355    0.4028   -8516.1328  0.6065 
   01356    0.4144   -8484.3164  0.6068 
   01357    0.4052   -8476.1191  0.6064 
   01358    0.4048   -8472.2324  0.6046 
   01359    0.4160   -8509.3281  0.6097 
   01360    0.4080   -8501.9854  0.6113 
   01361    0.4176   -8539.5117  0.6121 
   01362    0.4036   -8578.0479  0.6209 
   01363    0.4032   -8604.9023  0.6216 
   01364    0.3996   -8599.3916  0.6223 
   01365    0.4004   -8543.6621  0.6166 
   01366    0.4016   -8525.9775  0.6212 
   01367    0.4236   -8526.9941  0.6169 
   01368    0.4168   -8501.8818  0.6154 
   01369    0.4088   -8525.5303  0.6178 
   01370    0.4104   -8490.2012  0.6152 
   01371    0.4156   -8509.7422  0.6119 
   01372    0.4172   -8511.3564  0.6102 
   01373    0.4116   -8488.8350  0.6128 
   01374    0.4224   -8488.7344  0.6098 
   01375    0.3992   -8493.5039  0.6141 
   01376    0.3888   -8525.4199  0.6116 
   01377    0.4208   -8536.2695  0.6134 
   01378    0.4048   -8597.6592  0.6163 
   01379    0.4248   -8599.3857  0.6144 
   01380    0.4168   -8546.0576  0.6097 
   01381    0.4124   -8583.3525  0.6192 
   01382    0.4140   -8574.4951  0.6173 
   01383    0.3956   -8569.9990  0.6198 
   01384    0.4216   -8570.4443  0.6169 
   01385    0.4048   -8538.0898  0.6185 
   01386    0.4196   -8473.7656  0.6139 
   01387    0.4160   -8471.3359  0.6163 
   01388    0.4184   -8475.5508  0.6223 
   01389    0.3956   -8453.3984  0.6219 
   01390    0.4332   -8474.3555  0.6196 
   01391    0.4152   -8518.4062  0.6176 
   01392    0.4056   -8543.5869  0.6130 
   01393    0.4084   -8566.7178  0.6142 
   01394    0.4208   -8561.5312  0.6115 
   01395    0.4088   -8522.9541  0.6150 
   01396    0.4152   -8507.9980  0.6153 
   01397    0.4080   -8508.6533  0.6130 
   01398    0.4072   -8468.3633  0.6105 
   01399    0.4152   -8475.7197  0.6109 
   01400    0.4240   -8490.9678  0.6107 
   01401    0.4192   -8529.9268  0.6156 
   01402    0.4140   -8548.5127  0.6152 
   01403    0.4344   -8571.5332  0.6172 
   01404    0.4176   -8563.9580  0.6181 
   01405    0.4072   -8530.7549  0.6201 
   01406    0.4124   -8518.7588  0.6134 
   01407    0.4176   -8491.3076  0.6107 
   01408    0.4052   -8471.7949  0.6081 
   01409    0.4072   -8496.1064  0.6067 
   01410    0.3952   -8506.3936  0.6063 
   01411    0.4176   -8522.6006  0.6088 
   01412    0.4120   -8539.4209  0.6138 
   01413    0.4028   -8555.8105  0.6216 
   01414    0.4104   -8578.8174  0.6253 
   01415    0.4140   -8572.2559  0.6292 
   01416    0.4164   -8569.8193  0.6318 
   01417    0.4108   -8546.1787  0.6340 
   01418    0.4100   -8545.7910  0.6301 
   01419    0.4020   -8588.8896  0.6358 
   01420    0.4280   -8518.0518  0.6323 
   01421    0.4152   -8553.6143  0.6357 
   01422    0.4220   -8535.5225  0.6381 
   01423    0.4084   -8543.8984  0.6353 
   01424    0.4092   -8559.0547  0.6381 
   01425    0.4048   -8555.7510  0.6337 
   01426    0.4092   -8547.1475  0.6335 
   01427    0.4100   -8501.0977  0.6313 
   01428    0.4092   -8513.4004  0.6334 
   01429    0.4040   -8483.7949  0.6322 
   01430    0.4100   -8481.2373  0.6276 
   01431    0.4140   -8498.7949  0.6282 
   01432    0.4136   -8536.5049  0.6287 
   01433    0.4208   -8476.5459  0.6313 
   01434    0.4104   -8520.5225  0.6335 
   01435    0.4156   -8514.9033  0.6299 
   01436    0.4188   -8496.4736  0.6353 
   01437    0.4140   -8472.1895  0.6359 
   01438    0.4160   -8492.7607  0.6327 
   01439    0.3924   -8481.8086  0.6314 
   01440    0.4076   -8498.2734  0.6365 
   01441    0.4172   -8526.5020  0.6315 
   01442    0.4092   -8481.6768  0.6304 
   01443    0.4148   -8480.6289  0.6278 
   01444    0.4036   -8487.8359  0.6254 
   01445    0.4004   -8565.0527  0.6335 
   01446    0.4256   -8565.2178  0.6351 
   01447    0.3976   -8577.2764  0.6354 
   01448    0.4132   -8539.3936  0.6341 
   01449    0.4132   -8557.0098  0.6317 
   01450    0.4116   -8564.2363  0.6331 
   01451    0.4072   -8574.6621  0.6364 
   01452    0.4040   -8578.8359  0.6370 
   01453    0.4048   -8603.8701  0.6364 
   01454    0.4028   -8544.1172  0.6351 
   01455    0.3996   -8512.6719  0.6330 
   01456    0.4068   -8532.1758  0.6296 
   01457    0.4088   -8558.0410  0.6330 
   01458    0.3960   -8465.4961  0.6310 
   01459    0.4024   -8495.8291  0.6301 
   01460    0.4120   -8508.9385  0.6314 
   01461    0.4108   -8537.0537  0.6346 
   01462    0.4064   -8548.8721  0.6321 
   01463    0.4064   -8546.3887  0.6336 
   01464    0.4136   -8545.1514  0.6330 
   01465    0.4032   -8575.9951  0.6358 
   01466    0.4180   -8516.6299  0.6253 
   01467    0.4076   -8533.9824  0.6235 
   01468    0.4092   -8506.7998  0.6230 
   01469    0.4008   -8524.3037  0.6213 
   01470    0.4192   -8490.4795  0.6245 
   01471    0.4196   -8464.6875  0.6281 
   01472    0.4268   -8497.3789  0.6333 
   01473    0.4236   -8495.9658  0.6354 
   01474    0.4104   -8516.7676  0.6378 
   01475    0.4164   -8484.6396  0.6308 
   01476    0.4248   -8501.8438  0.6330 
   01477    0.4104   -8530.7148  0.6360 
   01478    0.4120   -8532.1406  0.6409 
   01479    0.3976   -8505.2646  0.6364 
   01480    0.3968   -8498.5537  0.6397 
   01481    0.4148   -8507.7480  0.6377 
   01482    0.3992   -8494.1309  0.6367 
   01483    0.4148   -8484.5303  0.6332 
   01484    0.4012   -8502.1875  0.6358 
   01485    0.4032   -8514.8906  0.6390 
   01486    0.3896   -8521.6367  0.6365 
   01487    0.4188   -8503.0244  0.6296 
   01488    0.4144   -8463.2373  0.6282 
   01489    0.4128   -8513.6064  0.6319 
   01490    0.4084   -8452.2979  0.6276 
   01491    0.4340   -8455.5078  0.6258 
   01492    0.4072   -8425.8311  0.6288 
   01493    0.4080   -8447.6963  0.6285 
   01494    0.4084   -8475.0312  0.6329 
   01495    0.4104   -8513.1406  0.6334 
   01496    0.4144   -8504.0977  0.6314 
   01497    0.4196   -8439.0791  0.6346 
   01498    0.4132   -8451.1699  0.6380 
   01499    0.4132   -8505.5303  0.6442 
   01500    0.4104   -8507.6992  0.6435 
   01501    0.4284   -8560.4736  0.6412 
   01502    0.4124   -8615.3105  0.6451 
   01503    0.4252   -8581.7148  0.6430 
   01504    0.4104   -8557.6309  0.6441 
   01505    0.4124   -8507.0439  0.6368 
   01506    0.4264   -8461.7666  0.6307 
   01507    0.4164   -8503.0488  0.6314 
   01508    0.4140   -8466.4229  0.6275 
   01509    0.4144   -8473.8574  0.6267 
   01510    0.4008   -8492.8408  0.6322 
   01511    0.4040   -8539.6396  0.6357 
   01512    0.4144   -8547.0840  0.6377 
   01513    0.4088   -8547.7812  0.6376 
   01514    0.4224   -8580.5635  0.6402 
   01515    0.3972   -8521.4434  0.6395 
   01516    0.4064   -8509.4092  0.6360 
   01517    0.4148   -8480.7549  0.6368 
   01518    0.3904   -8515.9668  0.6438 
   01519    0.4108   -8522.0918  0.6438 
   01520    0.4036   -8539.9600  0.6404 
   01521    0.4108   -8548.4707  0.6396 
   01522    0.4128   -8523.7861  0.6360 
   01523    0.4100   -8538.3223  0.6395 
   01524    0.4192   -8532.7002  0.6445 
   01525    0.4172   -8509.5283  0.6406 
   01526    0.4076   -8488.8848  0.6396 
   01527    0.4080   -8519.1084  0.6410 
   01528    0.4084   -8480.1562  0.6359 
   01529    0.4116   -8499.4385  0.6374 
   01530    0.4116   -8490.0859  0.6421 
   01531    0.4044   -8507.2715  0.6481 
   01532    0.4192   -8487.4043  0.6527 
   01533    0.4148   -8491.6240  0.6576 
   01534    0.4172   -8490.4033  0.6568 
   01535    0.4104   -8482.0615  0.6631 
   01536    0.4172   -8490.5439  0.6619 
   01537    0.4104   -8510.8184  0.6585 
   01538    0.4064   -8518.5850  0.6604 
   01539    0.4184   -8540.3975  0.6647 
   01540    0.4204   -8540.5664  0.6644 
   01541    0.4040   -8551.1465  0.6665 
   01542    0.3980   -8573.6826  0.6697 
   01543    0.4064   -8553.2578  0.6728 
   01544    0.4068   -8587.1123  0.6711 
   01545    0.4300   -8556.6074  0.6697 
   01546    0.4200   -8492.8574  0.6737 
   01547    0.4264   -8546.0215  0.6694 
   01548    0.3936   -8538.7793  0.6722 
   01549    0.4252   -8524.4521  0.6694 
   01550    0.3972   -8552.2412  0.6688 
   01551    0.4128   -8564.4785  0.6687 
   01552    0.3936   -8595.2314  0.6704 
   01553    0.3956   -8542.8887  0.6635 
   01554    0.3956   -8566.0732  0.6614 
   01555    0.3996   -8581.0576  0.6617 
   01556    0.4048   -8542.6064  0.6569 
   01557    0.4112   -8511.0186  0.6576 
   01558    0.4204   -8527.4873  0.6562 
   01559    0.4124   -8524.2559  0.6614 
   01560    0.4024   -8479.7256  0.6583 
   01561    0.4088   -8475.1016  0.6534 
   01562    0.4096   -8484.0664  0.6547 
   01563    0.4284   -8479.1211  0.6528 
   01564    0.4060   -8508.6113  0.6508 
   01565    0.4220   -8501.1182  0.6455 
   01566    0.4104   -8500.3486  0.6398 
   01567    0.4084   -8561.8096  0.6425 
   01568    0.4260   -8536.9014  0.6497 
   01569    0.3996   -8571.1709  0.6509 
   01570    0.4180   -8592.5342  0.6536 
   01571    0.4112   -8563.1611  0.6514 
   01572    0.4236   -8516.3574  0.6460 
   01573    0.4072   -8544.5039  0.6509 
   01574    0.4116   -8532.9980  0.6532 
   01575    0.4096   -8569.1523  0.6514 
   01576    0.4264   -8556.3223  0.6503 
   01577    0.4120   -8538.4590  0.6502 
   01578    0.4176   -8596.5752  0.6505 
   01579    0.4108   -8539.2197  0.6515 
   01580    0.4056   -8504.9346  0.6497 
   01581    0.4092   -8545.6562  0.6567 
   01582    0.4144   -8533.0039  0.6590 
   01583    0.4060   -8546.8203  0.6548 
   01584    0.4192   -8540.9053  0.6600 
   01585    0.3988   -8548.6426  0.6593 
   01586    0.3976   -8486.8633  0.6611 
   01587    0.4300   -8485.8389  0.6590 
   01588    0.4332   -8506.3799  0.6595 
   01589    0.4156   -8452.3887  0.6617 
   01590    0.4140   -8514.3076  0.6657 
   01591    0.4200   -8524.3965  0.6692 
   01592    0.3972   -8530.7637  0.6689 
   01593    0.4068   -8538.3418  0.6652 
   01594    0.4212   -8578.6875  0.6674 
   01595    0.4012   -8590.5371  0.6725 
   01596    0.4240   -8573.9258  0.6704 
   01597    0.4288   -8590.7627  0.6667 
   01598    0.4200   -8577.1123  0.6666 
   01599    0.4044   -8552.0527  0.6672 
   01600    0.4112   -8543.9062  0.6611 
   01601    0.3900   -8530.2891  0.6598 
   01602    0.4148   -8534.4414  0.6583 
   01603    0.4124   -8557.8213  0.6637 
   01604    0.4280   -8583.5615  0.6641 
   01605    0.4112   -8580.1279  0.6604 
   01606    0.4124   -8576.7158  0.6559 
   01607    0.4200   -8573.5977  0.6587 
   01608    0.4124   -8540.2041  0.6545 
   01609    0.4108   -8550.7393  0.6622 
   01610    0.3964   -8545.4287  0.6549 
   01611    0.4260   -8596.1650  0.6456 
   01612    0.4080   -8514.7832  0.6419 
   01613    0.4128   -8555.7627  0.6464 
   01614    0.4212   -8543.0049  0.6482 
   01615    0.4192   -8512.0898  0.6465 
   01616    0.4136   -8529.1719  0.6518 
   01617    0.4148   -8542.0889  0.6432 
   01618    0.4132   -8472.7412  0.6418 
   01619    0.4208   -8518.7393  0.6461 
   01620    0.4132   -8454.9502  0.6380 
   01621    0.4172   -8501.6318  0.6488 
   01622    0.4168   -8502.3770  0.6535 
   01623    0.4352   -8502.6172  0.6531 
   01624    0.4188   -8472.2256  0.6521 
   01625    0.4056   -8533.6914  0.6506 
   01626    0.4000   -8572.3486  0.6541 
   01627    0.4044   -8600.5713  0.6508 
   01628    0.4008   -8578.2266  0.6567 
   01629    0.3988   -8578.4941  0.6540 
   01630    0.3936   -8550.7959  0.6507 
   01631    0.4208   -8536.6270  0.6560 
   01632    0.4024   -8517.8232  0.6558 
   01633    0.4104   -8537.1719  0.6574 
   01634    0.4148   -8528.0625  0.6580 
   01635    0.4200   -8533.5254  0.6533 
   01636    0.4208   -8515.6084  0.6583 
   01637    0.4068   -8555.2832  0.6560 
   01638    0.4336   -8558.4014  0.6483 
   01639    0.4064   -8539.4160  0.6466 
   01640    0.3964   -8529.6465  0.6456 
   01641    0.4128   -8525.0264  0.6520 
   01642    0.4112   -8535.2451  0.6511 
   01643    0.4144   -8524.1758  0.6506 
   01644    0.4116   -8508.3848  0.6478 
   01645    0.3984   -8530.3750  0.6456 
   01646    0.3980   -8624.8281  0.6479 
   01647    0.4096   -8607.3184  0.6460 
   01648    0.4100   -8581.2705  0.6459 
   01649    0.3828   -8549.4697  0.6506 
   01650    0.4152   -8520.9990  0.6469 
   01651    0.3928   -8514.3740  0.6456 
   01652    0.4044   -8523.1299  0.6510 
   01653    0.4116   -8478.7188  0.6463 
   01654    0.4108   -8465.4941  0.6473 
   01655    0.4104   -8501.9551  0.6467 
   01656    0.4168   -8527.0938  0.6509 
   01657    0.4104   -8500.3291  0.6467 
   01658    0.4156   -8505.6338  0.6574 
   01659    0.4072   -8475.2812  0.6666 
   01660    0.4072   -8485.6592  0.6675 
   01661    0.4148   -8471.2275  0.6727 
   01662    0.4352   -8457.4561  0.6749 
   01663    0.4308   -8480.1299  0.6784 
   01664    0.4184   -8528.2910  0.6769 
   01665    0.3984   -8570.3994  0.6775 
   01666    0.4096   -8551.9482  0.6763 
   01667    0.4188   -8539.8896  0.6730 
   01668    0.4256   -8506.7188  0.6655 
   01669    0.4240   -8517.9248  0.6602 
   01670    0.4076   -8519.7402  0.6619 
   01671    0.4140   -8524.5781  0.6652 
   01672    0.4132   -8544.0498  0.6705 
   01673    0.4192   -8538.0020  0.6685 
   01674    0.4068   -8539.6387  0.6766 
   01675    0.4208   -8558.3057  0.6739 
   01676    0.4072   -8582.2539  0.6736 
   01677    0.4028   -8555.7686  0.6769 
   01678    0.4108   -8549.0215  0.6784 
   01679    0.4056   -8517.8105  0.6789 
   01680    0.4112   -8520.1318  0.6776 
   01681    0.3972   -8520.3008  0.6769 
   01682    0.4016   -8514.1592  0.6736 
   01683    0.4096   -8523.8027  0.6742 
   01684    0.4156   -8573.3604  0.6760 
   01685    0.4124   -8516.3682  0.6693 
   01686    0.4004   -8530.6260  0.6700 
   01687    0.4020   -8565.8398  0.6707 
   01688    0.4036   -8538.0254  0.6692 
   01689    0.4008   -8542.2900  0.6748 
   01690    0.4116   -8581.7803  0.6764 
   01691    0.4168   -8588.8271  0.6716 
   01692    0.4068   -8591.2061  0.6677 
   01693    0.4016   -8568.3115  0.6680 
   01694    0.4184   -8543.3398  0.6662 
   01695    0.4132   -8537.7725  0.6682 
   01696    0.4048   -8524.1201  0.6622 
   01697    0.4152   -8484.6182  0.6589 
   01698    0.4164   -8508.3037  0.6577 
   01699    0.3976   -8477.0469  0.6554 
   01700    0.4124   -8511.0010  0.6541 
   01701    0.4124   -8525.2803  0.6500 
   01702    0.4248   -8559.4600  0.6541 
   01703    0.4004   -8514.7285  0.6555 
   01704    0.4112   -8525.8955  0.6555 
   01705    0.4044   -8547.1104  0.6551 
   01706    0.4076   -8509.2490  0.6621 
   01707    0.4040   -8533.0166  0.6692 
   01708    0.4068   -8500.9902  0.6692 
   01709    0.4036   -8532.1514  0.6660 
   01710    0.4328   -8514.2334  0.6617 
   01711    0.4100   -8541.9727  0.6615 
   01712    0.4108   -8547.3535  0.6617 
   01713    0.4072   -8557.4365  0.6631 
   01714    0.4048   -8544.5762  0.6641 
   01715    0.4248   -8563.6924  0.6652 
   01716    0.4044   -8544.1846  0.6615 
   01717    0.4284   -8527.3145  0.6577 
   01718    0.4168   -8527.9219  0.6596 
   01719    0.4052   -8516.8174  0.6571 
   01720    0.4008   -8569.8359  0.6566 
   01721    0.4096   -8574.6953  0.6522 
   01722    0.4052   -8568.3994  0.6514 
   01723    0.3984   -8556.1084  0.6474 
   01724    0.4088   -8586.7148  0.6496 
   01725    0.4016   -8603.7373  0.6508 
   01726    0.4068   -8558.9189  0.6539 
   01727    0.3992   -8559.1289  0.6550 
   01728    0.4060   -8582.0186  0.6577 
   01729    0.4040   -8584.0322  0.6535 
   01730    0.3944   -8545.3936  0.6523 
   01731    0.4172   -8500.9941  0.6541 
   01732    0.4040   -8548.8311  0.6483 
   01733    0.4160   -8514.4658  0.6523 
   01734    0.4204   -8559.5605  0.6584 
   01735    0.4308   -8605.5488  0.6610 
   01736    0.3900   -8563.8857  0.6606 
   01737    0.3992   -8569.9326  0.6596 
   01738    0.4072   -8526.5840  0.6586 
   01739    0.3992   -8509.7920  0.6627 
   01740    0.4096   -8469.7090  0.6629 
   01741    0.4108   -8477.2734  0.6622 
   01742    0.4324   -8548.6865  0.6698 
   01743    0.3904   -8500.3154  0.6690 
   01744    0.4300   -8479.7041  0.6691 
   01745    0.4180   -8460.1484  0.6737 
   01746    0.4076   -8480.5225  0.6701 
   01747    0.4100   -8532.7344  0.6736 
   01748    0.4104   -8575.3721  0.6763 
   01749    0.4092   -8612.9834  0.6791 
   01750    0.3996   -8625.3838  0.6825 
   01751    0.3964   -8560.3369  0.6805 
   01752    0.4048   -8566.2119  0.6758 
   01753    0.3988   -8578.5039  0.6705 
   01754    0.4108   -8550.1436  0.6785 
   01755    0.4028   -8526.7090  0.6730 
   01756    0.4016   -8556.2656  0.6757 
   01757    0.4152   -8526.6426  0.6791 
   01758    0.4160   -8511.4395  0.6772 
   01759    0.4052   -8572.1309  0.6788 
   01760    0.4260   -8523.8975  0.6780 
   01761    0.4236   -8508.8984  0.6762 
   01762    0.4056   -8520.2803  0.6784 
   01763    0.4232   -8575.1260  0.6804 
   01764    0.4040   -8611.7217  0.6786 
   01765    0.3936   -8600.4609  0.6741 
   01766    0.4028   -8568.3047  0.6703 
   01767    0.4216   -8603.9863  0.6726 
   01768    0.4140   -8584.6963  0.6712 
   01769    0.4004   -8551.8125  0.6727 
   01770    0.4028   -8557.9814  0.6743 
   01771    0.4092   -8554.1582  0.6767 
   01772    0.4084   -8530.6680  0.6781 
   01773    0.3860   -8531.1826  0.6789 
   01774    0.4224   -8502.5459  0.6817 
   01775    0.4168   -8540.3789  0.6812 
   01776    0.4100   -8556.7646  0.6832 
   01777    0.3948   -8528.3555  0.6877 
   01778    0.4136   -8555.5850  0.6842 
   01779    0.3972   -8551.6123  0.6850 
   01780    0.4168   -8576.6641  0.6928 
   01781    0.4084   -8591.7363  0.6952 
   01782    0.4148   -8591.2041  0.6919 
   01783    0.3948   -8593.0361  0.6930 
   01784    0.4084   -8543.6377  0.6866 
   01785    0.4108   -8518.9062  0.6840 
   01786    0.3984   -8527.1885  0.6834 
   01787    0.4084   -8529.8750  0.6829 
   01788    0.3992   -8542.8867  0.6798 
   01789    0.4060   -8535.3008  0.6819 
   01790    0.4176   -8573.7979  0.6834 
   01791    0.4044   -8580.1074  0.6846 
   01792    0.3964   -8620.7100  0.6902 
   01793    0.4036   -8641.5967  0.6944 
   01794    0.3948   -8611.9180  0.6921 
   01795    0.4060   -8628.3984  0.6957 
   01796    0.3928   -8592.6465  0.6938 
   01797    0.4124   -8576.9219  0.6898 
   01798    0.4112   -8554.4629  0.6913 
   01799    0.4024   -8543.9746  0.6877 
   01800    0.4160   -8574.2793  0.6914 
   01801    0.4104   -8561.6602  0.6912 
   01802    0.4032   -8536.5430  0.6886 
   01803    0.4252   -8540.1895  0.6855 
   01804    0.4084   -8525.8008  0.6870 
   01805    0.4032   -8542.6875  0.6860 
   01806    0.4100   -8552.7227  0.6896 
   01807    0.4252   -8540.6924  0.6965 
   01808    0.4068   -8546.3242  0.6937 
   01809    0.4080   -8539.1230  0.6936 
   01810    0.3976   -8556.5225  0.6993 
   01811    0.4212   -8577.7314  0.6989 
   01812    0.4132   -8577.6289  0.6992 
   01813    0.4116   -8538.5430  0.7020 
   01814    0.4180   -8578.8184  0.7046 
   01815    0.3936   -8568.4629  0.7042 
   01816    0.4176   -8552.0928  0.7064 
   01817    0.4212   -8577.2139  0.7027 
   01818    0.3952   -8556.2139  0.7003 
   01819    0.4136   -8598.6943  0.7031 
   01820    0.4028   -8592.0410  0.7063 
   01821    0.4028   -8600.3926  0.7034 
   01822    0.4100   -8612.8105  0.6997 
   01823    0.4160   -8633.3877  0.6976 
   01824    0.4188   -8642.5078  0.7044 
   01825    0.4084   -8634.8291  0.6973 
   01826    0.4104   -8612.4199  0.7031 
   01827    0.3924   -8595.6035  0.7009 
   01828    0.4056   -8615.8350  0.6998 
   01829    0.4164   -8605.0977  0.6986 
   01830    0.4056   -8576.6719  0.6962 
   01831    0.3996   -8548.0371  0.6932 
   01832    0.4252   -8568.4688  0.6930 
   01833    0.4140   -8560.0791  0.6870 
   01834    0.4012   -8576.8477  0.6892 
   01835    0.4152   -8579.2783  0.6924 
   01836    0.3872   -8550.5830  0.6927 
   01837    0.4160   -8577.9346  0.6899 
   01838    0.4248   -8556.4248  0.6895 
   01839    0.4220   -8546.2324  0.6866 
   01840    0.4096   -8590.2178  0.6905 
   01841    0.3976   -8532.0303  0.6840 
   01842    0.4016   -8544.0527  0.6856 
   01843    0.3956   -8517.7451  0.6820 
   01844    0.4268   -8503.9854  0.6786 
   01845    0.4060   -8527.9580  0.6814 
   01846    0.4224   -8556.2900  0.6863 
   01847    0.4080   -8579.0283  0.6888 
   01848    0.3976   -8563.4404  0.6927 
   01849    0.4180   -8528.7598  0.6885 
   01850    0.4012   -8554.0615  0.6898 
   01851    0.4036   -8553.0098  0.6882 
   01852    0.4180   -8562.7998  0.6881 
   01853    0.4236   -8525.5469  0.6862 
   01854    0.4072   -8524.8828  0.6874 
   01855    0.4228   -8497.2354  0.6822 
   01856    0.4012   -8522.5098  0.6840 
   01857    0.4180   -8521.5518  0.6825 
   01858    0.4036   -8520.7490  0.6808 
   01859    0.4032   -8500.0303  0.6807 
   01860    0.4108   -8516.0146  0.6851 
   01861    0.4016   -8507.2559  0.6810 
   01862    0.4132   -8527.2812  0.6830 
   01863    0.4008   -8570.7383  0.6866 
   01864    0.3904   -8577.8926  0.6846 
   01865    0.4076   -8584.6914  0.6811 
   01866    0.4032   -8531.8945  0.6782 
   01867    0.4156   -8561.7432  0.6794 
   01868    0.3996   -8576.6406  0.6822 
   01869    0.3928   -8533.9385  0.6818 
   01870    0.4192   -8535.4238  0.6806 
   01871    0.3920   -8521.6748  0.6755 
   01872    0.4280   -8531.4268  0.6761 
   01873    0.4140   -8557.2090  0.6831 
   01874    0.4192   -8535.8711  0.6893 
   01875    0.4024   -8491.7021  0.6848 
   01876    0.4004   -8542.1807  0.6858 
   01877    0.3892   -8582.6348  0.6862 
   01878    0.4008   -8621.0547  0.6830 
   01879    0.3996   -8611.9805  0.6843 
   01880    0.4068   -8608.1191  0.6877 
   01881    0.4192   -8611.8906  0.6917 
   01882    0.4312   -8576.7148  0.6872 
   01883    0.4232   -8550.2129  0.6930 
   01884    0.4124   -8564.9268  0.6932 
   01885    0.4328   -8565.1982  0.6910 
   01886    0.4064   -8565.1182  0.6887 
   01887    0.3864   -8561.8662  0.6899 
   01888    0.4100   -8524.1348  0.6904 
   01889    0.4256   -8486.5762  0.6894 
   01890    0.4012   -8531.6240  0.6890 
   01891    0.4260   -8562.2090  0.6888 
   01892    0.4096   -8547.0713  0.6870 
   01893    0.3972   -8528.1504  0.6829 
   01894    0.4152   -8551.2910  0.6830 
   01895    0.4188   -8503.5762  0.6792 
   01896    0.4256   -8534.7666  0.6820 
   01897    0.4196   -8547.8994  0.6835 
   01898    0.4208   -8545.2939  0.6876 
   01899    0.4280   -8584.4717  0.6839 
   01900    0.4156   -8557.5098  0.6839 
   01901    0.3936   -8560.3438  0.6857 
   01902    0.4236   -8566.0732  0.6843 
   01903    0.3868   -8583.9336  0.6826 
   01904    0.4084   -8585.8936  0.6836 
   01905    0.4068   -8594.3574  0.6871 
   01906    0.3940   -8604.2793  0.6886 
   01907    0.4212   -8572.1904  0.6873 
   01908    0.4168   -8557.3604  0.6859 
   01909    0.3908   -8560.7764  0.6846 
   01910    0.4292   -8556.2461  0.6851 
   01911    0.4036   -8587.1895  0.6942 
   01912    0.4128   -8563.3672  0.6890 
   01913    0.4000   -8598.0293  0.6890 
   01914    0.4056   -8606.3174  0.6875 
   01915    0.4076   -8643.2861  0.6909 
   01916    0.4348   -8604.8535  0.6842 
   01917    0.4084   -8605.0518  0.6836 
   01918    0.4184   -8631.0400  0.6822 
   01919    0.4160   -8596.9053  0.6794 
   01920    0.4124   -8565.5605  0.6773 
   01921    0.3940   -8547.7012  0.6780 
   01922    0.4056   -8582.9492  0.6836 
   01923    0.3948   -8561.8271  0.6813 
   01924    0.4072   -8563.6855  0.6819 
   01925    0.4188   -8520.3945  0.6811 
   01926    0.4040   -8522.4316  0.6826 
   01927    0.4100   -8546.3486  0.6821 
   01928    0.4028   -8538.3105  0.6851 
   01929    0.4048   -8520.5869  0.6787 
   01930    0.4008   -8539.3740  0.6791 
   01931    0.4132   -8535.5713  0.6807 
   01932    0.4132   -8516.6318  0.6774 
   01933    0.4028   -8534.7969  0.6798 
   01934    0.4260   -8562.2402  0.6791 
   01935    0.3884   -8595.6162  0.6760 
   01936    0.4040   -8602.9863  0.6761 
   01937    0.4304   -8614.9434  0.6772 
   01938    0.4172   -8632.2871  0.6793 
   01939    0.4100   -8618.6875  0.6823 
   01940    0.4032   -8593.6777  0.6851 
   01941    0.4056   -8568.0713  0.6857 
   01942    0.4104   -8592.0391  0.6858 
   01943    0.3932   -8586.7051  0.6881 
   01944    0.4056   -8608.6865  0.6894 
   01945    0.4020   -8595.7197  0.6925 
   01946    0.4040   -8570.6836  0.6926 
   01947    0.4012   -8576.9639  0.6913 
   01948    0.4116   -8607.0898  0.6947 
   01949    0.4220   -8608.4922  0.6909 
   01950    0.4020   -8590.0020  0.6886 
   01951    0.4108   -8578.9912  0.6902 
   01952    0.3952   -8591.7207  0.6912 
   01953    0.4016   -8606.8574  0.6928 
   01954    0.4164   -8585.3350  0.6900 
   01955    0.4176   -8606.6621  0.6909 
   01956    0.4040   -8610.9365  0.6942 
   01957    0.4020   -8600.0977  0.6936 
   01958    0.4328   -8587.7725  0.6944 
   01959    0.4044   -8565.6328  0.6951 
   01960    0.4160   -8562.7451  0.6962 
   01961    0.4116   -8554.0693  0.7023 
   01962    0.4212   -8536.4961  0.7038 
   01963    0.4164   -8549.8135  0.7066 
   01964    0.4292   -8586.6934  0.7068 
   01965    0.4092   -8547.1846  0.7068 
   01966    0.4060   -8557.9033  0.7044 
   01967    0.3908   -8556.7754  0.7033 
   01968    0.4152   -8525.9707  0.7016 
   01969    0.4296   -8511.1123  0.7002 
   01970    0.4340   -8494.8066  0.6959 
   01971    0.3980   -8482.2109  0.6956 
   01972    0.4072   -8477.8945  0.6899 
   01973    0.4100   -8475.1357  0.6904 
   01974    0.3972   -8535.9365  0.6896 
   01975    0.4044   -8578.6758  0.6919 
   01976    0.4108   -8534.3447  0.6961 
   01977    0.4088   -8525.0732  0.6967 
   01978    0.4208   -8548.8555  0.7020 
   01979    0.4124   -8592.2773  0.7045 
   01980    0.4084   -8614.1582  0.7067 
   01981    0.3972   -8581.9668  0.7050 
   01982    0.4092   -8582.9463  0.7063 
   01983    0.4096   -8578.2891  0.7041 
   01984    0.3880   -8539.1895  0.7007 
   01985    0.4080   -8508.0332  0.6948 
   01986    0.3964   -8512.8887  0.7009 
   01987    0.4052   -8508.4092  0.7003 
   01988    0.4104   -8513.8584  0.6950 
   01989    0.4080   -8515.6426  0.6931 
   01990    0.4196   -8520.1621  0.6975 
   01991    0.3992   -8504.5117  0.6978 
   01992    0.4200   -8551.9082  0.6958 
   01993    0.4168   -8555.1709  0.6915 
   01994    0.4152   -8606.1279  0.6904 
   01995    0.4112   -8592.8018  0.6936 
   01996    0.4072   -8543.1377  0.6939 
   01997    0.4084   -8546.7275  0.6966 
   01998    0.4052   -8550.9766  0.7015 
   01999    0.3972   -8540.1650  0.6997 
   02000    0.4248   -8554.1582  0.7002 
