#=====================================================
# File created:        Sun-22-Feb-2026-at-06-01-39PM
# Size of lattice:     20x20
# Number of MC steps:  2000
# Reduced temperature: 0.500
# Run time (s):        1.038824
#=====================================================
# MC step:  Ratio:     Energy:   Order:
#=====================================================
   00000    0.5000    -403.5434  0.2812 
   00001    0.6925    -573.9612  0.3101 
   00002    0.6375    -714.3165  0.3521 
   00003    0.5725    -804.6151  0.3527 
   00004    0.5950    -866.7135  0.3598 
   00005    0.5600    -949.8992  0.3641 
   00006    0.5125   -1012.0731  0.4139 
   00007    0.4825   -1057.3779  0.4413 
   00008    0.4950   -1090.9642  0.4649 
   00009    0.4775   -1112.8528  0.4837 
   00010    0.4900   -1156.6669  0.5018 
   00011    0.4600   -1195.5723  0.5245 
   00012    0.4750   -1223.1696  0.5246 
   00013    0.4475   -1207.2244  0.5288 
   00014    0.3950   -1202.0557  0.5297 
   00015    0.4425   -1198.2877  0.5414 
   00016    0.4575   -1192.7445  0.5272 
   00017    0.4425   -1200.4053  0.5350 
   00018    0.4525   -1247.2177  0.5431 
   00019    0.4400   -1245.9999  0.5665 
   00020    0.4625   -1255.6810  0.5853 
   00021    0.4175   -1265.3945  0.5807 
   00022    0.4275   -1272.2898  0.5748 
   00023    0.4225   -1291.6752  0.5611 
   00024    0.3975   -1273.3734  0.5597 
   00025    0.4975   -1278.1469  0.5778 
   00026    0.4525   -1283.0282  0.5871 
   00027    0.4025   -1303.5580  0.6122 
   00028    0.4150   -1317.6486  0.6263 
   00029    0.4050   -1320.7012  0.6097 
   00030    0.4350   -1313.8474  0.6189 
   00031    0.4400   -1306.5082  0.6130 
   00032    0.3675   -1307.9990  0.6165 
   00033    0.3875   -1315.8733  0.6209 
   00034    0.3875   -1317.4404  0.6148 
   00035    0.4050   -1308.7222  0.6142 
   00036    0.4375   -1314.8899  0.6240 
   00037    0.4350   -1325.3190  0.6275 
   00038    0.4075   -1319.0950  0.6354 
   00039    0.4200   -1324.3201  0.6535 
   00040    0.4600   -1333.0613  0.6557 
   00041    0.4150   -1329.5177  0.6537 
   00042    0.4025   -1319.0253  0.6394 
   00043    0.3925   -1324.1971  0.6442 
   00044    0.4400   -1316.1410  0.6434 
   00045    0.4675   -1309.7269  0.6508 
   00046    0.4250   -1324.9758  0.6570 
   00047    0.4475   -1327.9039  0.6700 
   00048    0.4325   -1312.8984  0.6725 
   00049    0.4225   -1296.2964  0.6604 
   00050    0.3975   -1290.2581  0.6674 
   00051    0.3925   -1302.6117  0.6639 
   00052    0.4525   -1300.8701  0.6701 
   00053    0.4450   -1318.4899  0.6716 
   00054    0.4225   -1341.5092  0.6869 
   00055    0.4400   -1338.9402  0.6862 
   00056    0.4175   -1327.8582  0.6891 
   00057    0.4375   -1324.6201  0.6879 
   00058    0.4375   -1343.2350  0.6783 
   00059    0.4350   -1336.9148  0.6909 
   00060    0.3825   -1325.0748  0.6819 
   00061    0.3900   -1331.1746  0.6982 
   00062    0.4400   -1334.1962  0.7050 
   00063    0.4425   -1321.6794  0.7040 
   00064    0.4225   -1310.8258  0.7104 
   00065    0.4125   -1334.1956  0.7167 
   00066    0.4250   -1333.8619  0.7222 
   00067    0.4200   -1330.8734  0.7215 
   00068    0.4050   -1345.1591  0.7126 
   00069    0.3800   -1345.5676  0.7097 
   00070    0.4100   -1327.0942  0.7046 
   00071    0.4025   -1331.3796  0.7155 
   00072    0.4025   -1332.7273  0.7261 
   00073    0.4125   -1326.5126  0.7260 
   00074    0.4100   -1327.0132  0.7452 
   00075    0.4125   -1333.6890  0.7335 
   00076    0.3900   -1326.7733  0.7349 
   00077    0.4175   -1319.3253  0.7349 
   00078    0.4200   -1319.6422  0.7248 
   00079    0.4525   -1313.0541  0.7341 
   00080    0.4025   -1302.2678  0.7294 
   00081    0.4300   -1315.9442  0.7343 
   00082    0.3875   -1325.9503  0.7277 
   00083    0.4650   -1324.0264  0.7338 
   00084    0.4350   -1321.5393  0.7372 
   00085    0.4300   -1336.5518  0.7361 
   00086    0.4025   -1326.9751  0.7381 
   00087    0.4300   -1334.5908  0.7393 
   00088    0.4125   -1347.9907  0.7467 
   00089    0.4200   -1350.8221  0.7484 
   00090    0.4075   -1361.2582  0.7685 
   00091    0.4400   -1368.9021  0.7633 
   00092    0.3650   -1355.3785  0.7643 
   00093    0.3825   -1363.5623  0.7817 
   00094    0.4475   -1355.1307  0.7921 
   00095    0.4100   -1341.6583  0.8002 
   00096    0.4250   -1351.6128  0.7979 
   00097    0.4200   -1338.4216  0.8068 
   00098    0.4325   -1327.2603  0.8008 
   00099    0.3850   -1328.8940  0.7914 
   00100    0.4125   -1327.7452  0.7949 
   00101    0.4350   -1348.4086  0.8053 
   00102    0.3900   -1356.5717  0.8020 
   00103    0.4225   -1350.4681  0.8038 
   00104    0.4075   -1358.6071  0.7998 
   00105    0.4250   -1361.0516  0.7891 
   00106    0.4425   -1342.5814  0.7888 
   00107    0.4075   -1343.1654  0.7973 
   00108    0.4275   -1342.7714  0.8014 
   00109    0.4300   -1356.0128  0.8082 
   00110    0.4100   -1353.9940  0.8111 
   00111    0.4225   -1367.4902  0.8133 
   00112    0.3825   -1384.8788  0.8270 
   00113    0.4225   -1386.8090  0.8298 
   00114    0.3675   -1401.1172  0.8489 
   00115    0.3975   -1372.4944  0.8374 
   00116    0.3800   -1381.0597  0.8322 
   00117    0.4400   -1352.7740  0.8276 
   00118    0.4250   -1372.7067  0.8314 
   00119    0.3550   -1367.5369  0.8451 
   00120    0.3850   -1370.6060  0.8309 
   00121    0.4250   -1362.4766  0.8390 
   00122    0.3950   -1372.3456  0.8518 
   00123    0.4150   -1367.6521  0.8502 
   00124    0.4450   -1366.9924  0.8455 
   00125    0.4075   -1355.7250  0.8418 
   00126    0.3800   -1378.6608  0.8497 
   00127    0.4100   -1373.9608  0.8560 
   00128    0.3600   -1369.3090  0.8543 
   00129    0.4500   -1375.2659  0.8530 
   00130    0.4175   -1368.2188  0.8567 
   00131    0.4025   -1375.5851  0.8671 
   00132    0.3875   -1375.1163  0.8686 
   00133    0.4100   -1379.6351  0.8612 
   00134    0.4125   -1371.1420  0.8544 
   00135    0.3825   -1380.1017  0.8550 
   00136    0.3550   -1377.0004  0.8509 
   00137    0.4100   -1378.5814  0.8502 
   00138    0.4225   -1376.1130  0.8359 
   00139    0.4250   -1364.8036  0.8309 
   00140    0.4100   -1363.9298  0.8361 
   00141    0.4250   -1374.4209  0.8453 
   00142    0.4300   -1353.5631  0.8329 
   00143    0.4000   -1349.8959  0.8377 
   00144    0.4125   -1364.2026  0.8467 
   00145    0.4150   -1376.5809  0.8594 
   00146    0.4300   -1375.2903  0.8506 
   00147    0.4025   -1376.8580  0.8527 
   00148    0.3750   -1385.6512  0.8541 
   00149    0.4200   -1388.5297  0.8506 
   00150    0.4125   -1384.0803  0.8510 
   00151    0.3875   -1373.4442  0.8458 
   00152    0.4375   -1359.3888  0.8447 
   00153    0.4375   -1382.5980  0.8553 
   00154    0.3600   -1364.9705  0.8477 
   00155    0.4350   -1378.6638  0.8493 
   00156    0.4750   -1377.8892  0.8420 
   00157    0.4050   -1392.2286  0.8349 
   00158    0.4575   -1397.8546  0.8433 
   00159    0.4000   -1397.5856  0.8505 
   00160    0.3825   -1373.4418  0.8344 
   00161    0.4400   -1375.9271  0.8382 
   00162    0.3975   -1390.7655  0.8451 
   00163    0.4150   -1392.6451  0.8482 
   00164    0.4275   -1383.7271  0.8521 
   00165    0.4150   -1392.7859  0.8487 
   00166    0.4150   -1396.6226  0.8571 
   00167    0.4000   -1399.3143  0.8593 
   00168    0.4250   -1380.1343  0.8498 
   00169    0.4250   -1381.5736  0.8591 
   00170    0.3925   -1351.1130  0.8487 
   00171    0.4025   -1363.4141  0.8500 
   00172    0.4025   -1368.6001  0.8510 
   00173    0.4000   -1388.8572  0.8544 
   00174    0.4100   -1378.5121  0.8484 
   00175    0.3900   -1383.0266  0.8402 
   00176    0.4625   -1373.9563  0.8320 
   00177    0.3950   -1377.2617  0.8378 
   00178    0.4050   -1361.1458  0.8345 
   00179    0.4125   -1377.3075  0.8367 
   00180    0.3650   -1402.9182  0.8574 
   00181    0.3525   -1391.1041  0.8611 
   00182    0.4225   -1380.7914  0.8570 
   00183    0.4000   -1382.4332  0.8506 
   00184    0.4050   -1388.5347  0.8518 
   00185    0.4025   -1373.7760  0.8362 
   00186    0.4225   -1380.4536  0.8410 
   00187    0.4400   -1370.2271  0.8285 
   00188    0.4150   -1370.8997  0.8322 
   00189    0.3900   -1364.4156  0.8327 
   00190    0.3975   -1381.2537  0.8355 
   00191    0.4350   -1387.2472  0.8358 
   00192    0.4000   -1373.6310  0.8343 
   00193    0.4225   -1383.5945  0.8493 
   00194    0.4325   -1365.3867  0.8467 
   00195    0.4250   -1369.7953  0.8604 
   00196    0.4175   -1350.6790  0.8583 
   00197    0.4225   -1360.1239  0.8533 
   00198    0.4650   -1354.0319  0.8564 
   00199    0.3725   -1365.4720  0.8534 
   00200    0.4275   -1354.0826  0.8443 
   00201    0.3575   -1377.2712  0.8552 
   00202    0.3775   -1388.8344  0.8696 
   00203    0.4100   -1359.8278  0.8602 
   00204    0.4025   -1366.6322  0.8614 
   00205    0.4075   -1360.1871  0.8515 
   00206    0.4300   -1364.2778  0.8596 
   00207    0.3900   -1361.5084  0.8598 
   00208    0.4100   -1371.0454  0.8465 
   00209    0.4300   -1375.7750  0.8498 
   00210    0.4150   -1390.4984  0.8592 
   00211    0.3650   -1398.2511  0.8679 
   00212    0.3675   -1392.8167  0.8746 
   00213    0.4250   -1392.9723  0.8704 
   00214    0.4550   -1377.2501  0.8757 
   00215    0.3925   -1373.2684  0.8710 
   00216    0.4450   -1382.7928  0.8649 
   00217    0.4275   -1388.7318  0.8687 
   00218    0.4300   -1383.3265  0.8574 
   00219    0.4075   -1381.7489  0.8512 
   00220    0.4050   -1375.6830  0.8450 
   00221    0.4100   -1372.9337  0.8459 
   00222    0.3975   -1372.6923  0.8380 
   00223    0.3325   -1383.3354  0.8444 
   00224    0.4125   -1359.9510  0.8315 
   00225    0.4050   -1364.4276  0.8271 
   00226    0.4100   -1371.2419  0.8340 
   00227    0.4400   -1374.8738  0.8438 
   00228    0.4175   -1366.1852  0.8440 
   00229    0.4025   -1352.9152  0.8341 
   00230    0.4000   -1339.9728  0.8293 
   00231    0.4100   -1337.6492  0.8357 
   00232    0.4050   -1341.0021  0.8328 
   00233    0.4075   -1365.1909  0.8380 
   00234    0.4100   -1355.5333  0.8355 
   00235    0.4200   -1352.6506  0.8428 
   00236    0.4150   -1359.6145  0.8478 
   00237    0.4250   -1367.9059  0.8534 
   00238    0.4400   -1366.4471  0.8562 
   00239    0.3950   -1371.4763  0.8690 
   00240    0.4550   -1391.5643  0.8797 
   00241    0.4075   -1387.7925  0.8747 
   00242    0.3975   -1387.8428  0.8644 
   00243    0.3875   -1400.6851  0.8729 
   00244    0.4175   -1382.6367  0.8687 
   00245    0.3675   -1373.3875  0.8661 
   00246    0.4150   -1386.6368  0.8689 
   00247    0.4150   -1391.8785  0.8715 
   00248    0.4100   -1391.2174  0.8681 
   00249    0.3875   -1388.2660  0.8723 
   00250    0.3800   -1390.8104  0.8687 
   00251    0.4300   -1384.7057  0.8732 
   00252    0.3950   -1376.1302  0.8658 
   00253    0.4000   -1375.9243  0.8708 
   00254    0.3975   -1373.4889  0.8623 
   00255    0.4125   -1373.1943  0.8592 
   00256    0.4425   -1387.9287  0.8649 
   00257    0.4475   -1388.2760  0.8741 
   00258    0.3725   -1389.7712  0.8715 
   00259    0.4225   -1374.9125  0.8760 
   00260    0.3800   -1393.8359  0.8797 
   00261    0.3975   -1373.4060  0.8605 
   00262    0.3500   -1363.0175  0.8567 
   00263    0.4350   -1363.2849  0.8549 
   00264    0.4150   -1366.6288  0.8538 
   00265    0.3900   -1377.3588  0.8500 
   00266    0.4150   -1365.2996  0.8497 
   00267    0.3925   -1367.3170  0.8440 
   00268    0.3975   -1369.3347  0.8500 
   00269    0.4875   -1380.9672  0.8567 
   00270    0.3850   -1390.1545  0.8572 
   00271    0.4125   -1385.3557  0.8579 
   00272    0.4300   -1365.9548  0.8502 
   00273    0.3975   -1363.9077  0.8499 
   00274    0.4375   -1369.6626  0.8525 
   00275    0.4050   -1362.2307  0.8606 
   00276    0.3800   -1374.0782  0.8705 
   00277    0.3950   -1372.4564  0.8609 
   00278    0.4625   -1371.7400  0.8609 
   00279    0.3950   -1381.7798  0.8607 
   00280    0.3825   -1385.0164  0.8668 
   00281    0.4075   -1392.4277  0.8674 
   00282    0.3925   -1385.5232  0.8686 
   00283    0.3900   -1393.9927  0.8758 
   00284    0.4250   -1403.3958  0.8826 
   00285    0.4400   -1394.2042  0.8848 
   00286    0.3950   -1394.6261  0.8867 
   00287    0.3725   -1383.9678  0.8890 
   00288    0.4125   -1398.0267  0.8927 
   00289    0.4325   -1370.3479  0.8724 
   00290    0.3850   -1391.6228  0.8762 
   00291    0.4225   -1381.0824  0.8804 
   00292    0.4150   -1373.3643  0.8787 
   00293    0.4150   -1382.8868  0.8775 
   00294    0.3750   -1382.5444  0.8747 
   00295    0.3925   -1392.4425  0.8812 
   00296    0.4075   -1388.6233  0.8690 
   00297    0.4025   -1385.8010  0.8620 
   00298    0.4075   -1389.4138  0.8579 
   00299    0.4350   -1390.2877  0.8557 
   00300    0.3875   -1384.4915  0.8548 
   00301    0.4025   -1366.4852  0.8483 
   00302    0.3850   -1358.6805  0.8456 
   00303    0.3925   -1353.5901  0.8492 
   00304    0.4125   -1364.8917  0.8511 
   00305    0.3950   -1354.0366  0.8518 
   00306    0.4225   -1340.2461  0.8548 
   00307    0.3825   -1344.0635  0.8614 
   00308    0.4150   -1336.6471  0.8677 
   00309    0.3925   -1329.2875  0.8571 
   00310    0.4675   -1350.1469  0.8630 
   00311    0.4250   -1347.9497  0.8596 
   00312    0.3875   -1354.1649  0.8550 
   00313    0.3925   -1351.1932  0.8458 
   00314    0.3925   -1357.6248  0.8514 
   00315    0.3725   -1381.0872  0.8548 
   00316    0.4200   -1351.4999  0.8408 
   00317    0.4225   -1363.9443  0.8411 
   00318    0.3725   -1374.6987  0.8535 
   00319    0.4100   -1384.0352  0.8602 
   00320    0.4100   -1387.8561  0.8625 
   00321    0.4425   -1390.3900  0.8670 
   00322    0.4125   -1400.3219  0.8682 
   00323    0.3900   -1394.1147  0.8659 
   00324    0.3775   -1394.1085  0.8666 
   00325    0.3775   -1386.2198  0.8549 
   00326    0.4000   -1394.4386  0.8550 
   00327    0.4375   -1388.9705  0.8579 
   00328    0.4025   -1392.1024  0.8602 
   00329    0.4200   -1374.5443  0.8476 
   00330    0.4375   -1377.2528  0.8496 
   00331    0.3875   -1372.5907  0.8491 
   00332    0.3725   -1395.4789  0.8605 
   00333    0.3825   -1384.3251  0.8454 
   00334    0.3075   -1391.7970  0.8537 
   00335    0.4350   -1391.3098  0.8498 
   00336    0.4050   -1370.4114  0.8400 
   00337    0.3700   -1366.9329  0.8433 
   00338    0.4100   -1369.4259  0.8459 
   00339    0.3900   -1377.9828  0.8392 
   00340    0.3750   -1370.7920  0.8458 
   00341    0.3925   -1373.8230  0.8411 
   00342    0.3500   -1395.8447  0.8472 
   00343    0.3925   -1388.1428  0.8518 
   00344    0.3975   -1387.2269  0.8539 
   00345    0.4025   -1399.8353  0.8679 
   00346    0.4050   -1386.5081  0.8629 
   00347    0.3875   -1391.0413  0.8583 
   00348    0.3825   -1377.0983  0.8539 
   00349    0.4150   -1379.6229  0.8575 
   00350    0.4375   -1385.2866  0.8664 
   00351    0.4050   -1379.2198  0.8655 
   00352    0.4175   -1377.1504  0.8602 
   00353    0.3750   -1382.6545  0.8556 
   00354    0.4000   -1384.2025  0.8455 
   00355    0.3925   -1374.5038  0.8375 
   00356    0.4475   -1381.9792  0.8413 
   00357    0.4600   -1373.0325  0.8354 
   00358    0.3950   -1358.0649  0.8314 
   00359    0.3850   -1363.4990  0.8330 
   00360    0.4150   -1369.5764  0.8279 
   00361    0.4125   -1352.3568  0.8238 
   00362    0.4450   -1356.8497  0.8136 
   00363    0.4125   -1376.0065  0.8301 
   00364    0.4100   -1351.2290  0.8237 
   00365    0.4075   -1339.0371  0.8136 
   00366    0.3950   -1354.5997  0.8233 
   00367    0.4175   -1348.2458  0.8292 
   00368    0.3850   -1353.8894  0.8358 
   00369    0.4150   -1353.3899  0.8362 
   00370    0.4075   -1342.1873  0.8439 
   00371    0.3975   -1348.9093  0.8435 
   00372    0.4275   -1336.8589  0.8315 
   00373    0.4475   -1357.9473  0.8303 
   00374    0.4050   -1369.4900  0.8404 
   00375    0.4050   -1349.7294  0.8388 
   00376    0.4225   -1353.4930  0.8477 
   00377    0.3725   -1363.7554  0.8459 
   00378    0.4475   -1367.1378  0.8529 
   00379    0.3950   -1378.0319  0.8552 
   00380    0.4525   -1384.0514  0.8617 
   00381    0.4150   -1373.7230  0.8605 
   00382    0.3825   -1382.5078  0.8589 
   00383    0.3950   -1386.1781  0.8659 
   00384    0.3800   -1384.2581  0.8598 
   00385    0.4075   -1391.3864  0.8608 
   00386    0.3975   -1370.9783  0.8522 
   00387    0.3925   -1374.2112  0.8517 
   00388    0.4125   -1390.4518  0.8592 
   00389    0.4375   -1377.8838  0.8570 
   00390    0.4250   -1381.7292  0.8599 
   00391    0.4225   -1393.7122  0.8623 
   00392    0.3975   -1389.4011  0.8591 
   00393    0.3850   -1388.0013  0.8623 
   00394    0.4425   -1362.1744  0.8562 
   00395    0.3825   -1372.8993  0.8595 
   00396    0.4075   -1385.8208  0.8688 
   00397    0.3450   -1388.2036  0.8738 
   00398    0.4025   -1370.6558  0.8761 
   00399    0.3725   -1377.9178  0.8746 
   00400    0.4125   -1364.6483  0.8752 
   00401    0.4050   -1379.3643  0.8744 
   00402    0.3975   -1389.1587  0.8739 
   00403    0.3925   -1397.8823  0.8745 
   00404    0.4050   -1377.6487  0.8702 
   00405    0.4375   -1372.5922  0.8697 
   00406    0.4225   -1379.7235  0.8771 
   00407    0.3825   -1381.4689  0.8781 
   00408    0.3525   -1368.5140  0.8776 
   00409    0.4225   -1370.5469  0.8874 
   00410    0.3950   -1390.0134  0.8962 
   00411    0.4125   -1390.9336  0.8984 
   00412    0.4100   -1386.2588  0.8905 
   00413    0.4100   -1382.1675  0.8883 
   00414    0.3800   -1379.1208  0.8879 
   00415    0.4025   -1388.4957  0.8867 
   00416    0.3775   -1398.6512  0.8910 
   00417    0.4000   -1390.5122  0.8864 
   00418    0.3975   -1392.0559  0.8896 
   00419    0.4175   -1372.9647  0.8831 
   00420    0.3875   -1363.2222  0.8772 
   00421    0.4125   -1373.4323  0.8770 
   00422    0.3875   -1372.1588  0.8842 
   00423    0.4125   -1387.0294  0.8788 
   00424    0.4275   -1374.1686  0.8712 
   00425    0.3400   -1347.1163  0.8567 
   00426    0.3825   -1359.8434  0.8600 
   00427    0.4075   -1364.0503  0.8551 
   00428    0.4025   -1368.9641  0.8497 
   00429    0.3950   -1362.6840  0.8613 
   00430    0.4475   -1368.7190  0.8579 
   00431    0.4175   -1359.7125  0.8569 
   00432    0.3900   -1360.8466  0.8609 
   00433    0.4200   -1376.5964  0.8704 
   00434    0.4575   -1396.1986  0.8806 
   00435    0.4075   -1400.2728  0.8805 
   00436    0.4275   -1398.0020  0.8734 
   00437    0.3850   -1389.1277  0.8674 
   00438    0.3825   -1393.3132  0.8738 
   00439    0.4200   -1390.0098  0.8665 
   00440    0.4150   -1397.9194  0.8734 
   00441    0.3600   -1402.1204  0.8674 
   00442    0.3825   -1414.0134  0.8788 
   00443    0.3850   -1396.3085  0.8736 
   00444    0.3925   -1383.4935  0.8685 
   00445    0.4300   -1374.2581  0.8772 
   00446    0.4000   -1375.9413  0.8845 
   00447    0.4025   -1385.3102  0.8827 
   00448    0.4000   -1392.9967  0.8854 
   00449    0.4400   -1403.9182  0.8817 
   00450    0.4025   -1427.0909  0.8833 
   00451    0.4425   -1413.8164  0.8811 
   00452    0.4000   -1400.8333  0.8796 
   00453    0.4075   -1374.5120  0.8700 
   00454    0.4575   -1379.4556  0.8688 
   00455    0.3900   -1392.0228  0.8719 
   00456    0.4100   -1405.2886  0.8770 
   00457    0.4150   -1390.9869  0.8733 
   00458    0.4525   -1393.9738  0.8769 
   00459    0.3625   -1396.6285  0.8806 
   00460    0.4400   -1387.4493  0.8791 
   00461    0.3750   -1390.0371  0.8807 
   00462    0.4100   -1377.9535  0.8790 
   00463    0.4225   -1382.8535  0.8797 
   00464    0.3825   -1371.3236  0.8763 
   00465    0.4000   -1368.0134  0.8756 
   00466    0.3800   -1354.9468  0.8683 
   00467    0.4225   -1365.3604  0.8769 
   00468    0.4575   -1348.4186  0.8720 
   00469    0.4625   -1344.4025  0.8732 
   00470    0.4350   -1360.0164  0.8782 
   00471    0.4000   -1376.7551  0.8821 
   00472    0.3600   -1389.0735  0.8799 
   00473    0.4075   -1385.0269  0.8787 
   00474    0.4000   -1390.5049  0.8854 
   00475    0.4175   -1406.2506  0.8911 
   00476    0.3600   -1411.8567  0.8952 
   00477    0.4175   -1415.3525  0.8970 
   00478    0.4075   -1390.9851  0.8873 
   00479    0.3750   -1409.9635  0.8979 
   00480    0.3375   -1397.8213  0.8941 
   00481    0.3775   -1415.5248  0.8984 
   00482    0.4175   -1398.5969  0.8919 
   00483    0.3900   -1414.5927  0.8953 
   00484    0.3600   -1389.4851  0.8898 
   00485    0.4575   -1376.5697  0.8892 
   00486    0.3725   -1376.1249  0.8832 
   00487    0.3925   -1392.7909  0.8871 
   00488    0.3725   -1393.5157  0.8871 
   00489    0.4400   -1375.6757  0.8850 
   00490    0.3900   -1371.7932  0.8839 
   00491    0.3850   -1367.2660  0.8809 
   00492    0.3500   -1366.8580  0.8756 
   00493    0.4200   -1356.6700  0.8694 
   00494    0.4125   -1345.2769  0.8651 
   00495    0.4300   -1336.7357  0.8548 
   00496    0.3975   -1340.5735  0.8630 
   00497    0.4075   -1337.7827  0.8625 
   00498    0.4200   -1360.7742  0.8654 
   00499    0.4200   -1368.0592  0.8663 
   00500    0.4000   -1354.5541  0.8638 
   00501    0.4075   -1367.0845  0.8706 
   00502    0.4225   -1377.8152  0.8757 
   00503    0.3800   -1388.6514  0.8806 
   00504    0.4150   -1387.9839  0.8848 
   00505    0.3975   -1398.2983  0.8915 
   00506    0.4225   -1393.0483  0.8909 
   00507    0.4225   -1407.1405  0.8943 
   00508    0.4225   -1393.3147  0.8932 
   00509    0.4225   -1384.7900  0.8865 
   00510    0.4200   -1371.8884  0.8802 
   00511    0.3850   -1373.3428  0.8795 
   00512    0.4700   -1382.4283  0.8778 
   00513    0.4075   -1374.1460  0.8738 
   00514    0.3950   -1367.2111  0.8704 
   00515    0.4250   -1375.5128  0.8709 
   00516    0.4250   -1379.4286  0.8756 
   00517    0.4050   -1371.4717  0.8743 
   00518    0.4300   -1369.6577  0.8800 
   00519    0.3675   -1364.7721  0.8803 
   00520    0.4050   -1356.8140  0.8788 
   00521    0.4450   -1351.3107  0.8636 
   00522    0.4200   -1366.2300  0.8541 
   00523    0.4150   -1374.1470  0.8628 
   00524    0.4200   -1373.9150  0.8582 
   00525    0.4500   -1371.6018  0.8598 
   00526    0.3750   -1371.9272  0.8617 
   00527    0.4125   -1377.3062  0.8672 
   00528    0.3750   -1374.2748  0.8670 
   00529    0.4100   -1381.9177  0.8681 
   00530    0.4425   -1375.1133  0.8636 
   00531    0.4250   -1353.5792  0.8594 
   00532    0.3975   -1357.0034  0.8582 
   00533    0.3950   -1350.6102  0.8564 
   00534    0.3975   -1362.5052  0.8507 
   00535    0.4150   -1369.8292  0.8515 
   00536    0.3825   -1373.1411  0.8598 
   00537    0.4250   -1367.7476  0.8561 
   00538    0.4750   -1351.5570  0.8462 
   00539    0.3850   -1367.4043  0.8583 
   00540    0.4375   -1378.9199  0.8677 
   00541    0.3875   -1386.0822  0.8679 
   00542    0.4125   -1396.3248  0.8684 
   00543    0.4425   -1390.8252  0.8656 
   00544    0.3875   -1383.7104  0.8571 
   00545    0.4275   -1398.6289  0.8671 
   00546    0.4050   -1400.5569  0.8669 
   00547    0.3625   -1389.7314  0.8631 
   00548    0.3950   -1375.8876  0.8511 
   00549    0.4350   -1384.9886  0.8544 
   00550    0.4200   -1379.7338  0.8521 
   00551    0.4250   -1376.3478  0.8458 
   00552    0.3925   -1366.0605  0.8409 
   00553    0.3950   -1371.4896  0.8426 
   00554    0.4200   -1358.3561  0.8374 
   00555    0.4050   -1365.2112  0.8407 
   00556    0.4500   -1375.8782  0.8362 
   00557    0.4525   -1385.7742  0.8384 
   00558    0.4150   -1384.9323  0.8320 
   00559    0.3825   -1378.4308  0.8238 
   00560    0.3925   -1367.3109  0.8217 
   00561    0.4150   -1393.6011  0.8264 
   00562    0.4125   -1394.3314  0.8331 
   00563    0.3950   -1394.8048  0.8291 
   00564    0.4100   -1380.7872  0.8213 
   00565    0.3825   -1372.1025  0.8180 
   00566    0.3975   -1379.9277  0.8160 
   00567    0.4225   -1378.9218  0.8189 
   00568    0.4150   -1381.4371  0.8231 
   00569    0.3575   -1386.7277  0.8293 
   00570    0.3875   -1379.9349  0.8282 
   00571    0.4075   -1381.9939  0.8324 
   00572    0.4025   -1395.1663  0.8317 
   00573    0.4075   -1387.4214  0.8363 
   00574    0.3925   -1385.7876  0.8274 
   00575    0.4125   -1373.6494  0.8218 
   00576    0.3900   -1372.8260  0.8211 
   00577    0.4025   -1369.6488  0.8110 
   00578    0.4300   -1370.8156  0.8164 
   00579    0.4600   -1357.2513  0.8137 
   00580    0.4250   -1362.2665  0.8125 
   00581    0.3900   -1363.6067  0.8176 
   00582    0.4025   -1354.5637  0.8116 
   00583    0.3775   -1361.1906  0.8148 
   00584    0.3625   -1368.9187  0.8187 
   00585    0.3800   -1381.4232  0.8198 
   00586    0.4075   -1368.4905  0.8168 
   00587    0.3700   -1368.2908  0.8124 
   00588    0.4325   -1375.8439  0.8237 
   00589    0.4000   -1378.4363  0.8358 
   00590    0.3900   -1369.2346  0.8317 
   00591    0.3750   -1361.6874  0.8294 
   00592    0.3925   -1372.1588  0.8323 
   00593    0.4250   -1377.5927  0.8351 
   00594    0.4025   -1376.7437  0.8420 
   00595    0.4125   -1366.0865  0.8326 
   00596    0.3775   -1375.1779  0.8341 
   00597    0.4150   -1369.6552  0.8356 
   00598    0.4150   -1380.9734  0.8384 
   00599    0.3675   -1371.6711  0.8367 
   00600    0.4225   -1377.2042  0.8449 
   00601    0.4200   -1366.1141  0.8376 
   00602    0.3700   -1366.7991  0.8498 
   00603    0.3925   -1393.1116  0.8582 
   00604    0.4275   -1378.8173  0.8476 
   00605    0.4325   -1363.9996  0.8391 
   00606    0.3675   -1363.4148  0.8406 
   00607    0.4100   -1359.0588  0.8372 
   00608    0.4275   -1352.5496  0.8379 
   00609    0.4150   -1377.2083  0.8518 
   00610    0.3925   -1377.1824  0.8517 
   00611    0.4150   -1377.6874  0.8456 
   00612    0.3875   -1375.1772  0.8479 
   00613    0.3850   -1394.9429  0.8609 
   00614    0.3900   -1379.1439  0.8530 
   00615    0.3875   -1370.4645  0.8513 
   00616    0.4525   -1380.4423  0.8653 
   00617    0.3650   -1390.8221  0.8754 
   00618    0.4025   -1405.2969  0.8735 
   00619    0.4525   -1416.8585  0.8812 
   00620    0.3825   -1410.1428  0.8730 
   00621    0.3775   -1415.0219  0.8890 
   00622    0.4175   -1433.2432  0.8995 
   00623    0.4150   -1415.1855  0.8921 
   00624    0.3825   -1406.2394  0.8869 
   00625    0.3975   -1389.1433  0.8711 
   00626    0.4225   -1386.1648  0.8682 
   00627    0.4000   -1375.1569  0.8638 
   00628    0.4025   -1375.8323  0.8534 
   00629    0.4025   -1367.6023  0.8546 
   00630    0.3575   -1368.6750  0.8631 
   00631    0.4950   -1380.5342  0.8730 
   00632    0.3775   -1387.9163  0.8717 
   00633    0.4250   -1388.9530  0.8673 
   00634    0.4025   -1379.7308  0.8696 
   00635    0.4300   -1376.4398  0.8638 
   00636    0.3700   -1368.0211  0.8606 
   00637    0.4000   -1380.6506  0.8643 
   00638    0.3725   -1370.2264  0.8545 
   00639    0.3650   -1379.9894  0.8559 
   00640    0.4000   -1364.4961  0.8391 
   00641    0.4550   -1368.4419  0.8417 
   00642    0.4100   -1383.6031  0.8504 
   00643    0.4075   -1383.2576  0.8382 
   00644    0.3925   -1372.0582  0.8338 
   00645    0.4400   -1401.7428  0.8408 
   00646    0.4500   -1391.4812  0.8341 
   00647    0.3900   -1378.1708  0.8345 
   00648    0.4125   -1383.1807  0.8435 
   00649    0.4200   -1384.5826  0.8454 
   00650    0.4325   -1378.0466  0.8284 
   00651    0.3875   -1373.3326  0.8276 
   00652    0.4275   -1352.9357  0.8284 
   00653    0.4450   -1353.2368  0.8171 
   00654    0.4150   -1352.2216  0.8083 
   00655    0.4150   -1353.3157  0.8054 
   00656    0.3950   -1363.2340  0.8136 
   00657    0.4925   -1367.1560  0.8045 
   00658    0.4100   -1374.1116  0.8115 
   00659    0.4000   -1372.8708  0.8126 
   00660    0.4425   -1396.9272  0.8203 
   00661    0.3600   -1379.3223  0.8164 
   00662    0.3825   -1367.6240  0.8178 
   00663    0.3825   -1362.3242  0.8124 
   00664    0.4275   -1387.0463  0.8257 
   00665    0.4075   -1386.9397  0.8247 
   00666    0.4375   -1396.6232  0.8247 
   00667    0.4025   -1402.9222  0.8311 
   00668    0.4200   -1392.2716  0.8277 
   00669    0.3900   -1385.5663  0.8347 
   00670    0.4025   -1382.8693  0.8307 
   00671    0.4100   -1382.8801  0.8323 
   00672    0.3950   -1391.2124  0.8343 
   00673    0.3900   -1376.1395  0.8160 
   00674    0.4300   -1375.8710  0.8070 
   00675    0.3975   -1375.0044  0.8090 
   00676    0.4100   -1373.9677  0.7998 
   00677    0.4350   -1347.9534  0.7890 
   00678    0.4300   -1338.4874  0.7685 
   00679    0.4000   -1338.6442  0.7647 
   00680    0.4125   -1339.7020  0.7469 
   00681    0.4200   -1356.7235  0.7467 
   00682    0.4225   -1347.0074  0.7557 
   00683    0.4250   -1336.0739  0.7502 
   00684    0.4475   -1355.3236  0.7500 
   00685    0.4125   -1367.2118  0.7626 
   00686    0.3850   -1381.2206  0.7698 
   00687    0.4325   -1380.1498  0.7708 
   00688    0.3925   -1383.8942  0.7806 
   00689    0.3550   -1375.3380  0.7797 
   00690    0.4100   -1370.7145  0.7777 
   00691    0.4075   -1370.9194  0.7990 
   00692    0.3950   -1379.2616  0.7947 
   00693    0.4175   -1396.1639  0.8081 
   00694    0.4200   -1387.8428  0.8056 
   00695    0.4025   -1384.6051  0.8044 
   00696    0.4200   -1405.2292  0.8119 
   00697    0.4250   -1412.6663  0.8190 
   00698    0.4250   -1392.8840  0.8202 
   00699    0.3850   -1405.9463  0.8289 
   00700    0.4175   -1381.7352  0.8313 
   00701    0.4175   -1396.7168  0.8294 
   00702    0.3650   -1397.6453  0.8317 
   00703    0.3750   -1400.1787  0.8358 
   00704    0.3950   -1386.8275  0.8382 
   00705    0.4325   -1369.7699  0.8342 
   00706    0.4225   -1376.5151  0.8368 
   00707    0.3700   -1366.5769  0.8448 
   00708    0.3825   -1368.2666  0.8481 
   00709    0.3525   -1365.5496  0.8443 
   00710    0.3875   -1368.7850  0.8527 
   00711    0.3825   -1377.0343  0.8585 
   00712    0.3900   -1373.6471  0.8504 
   00713    0.4025   -1375.7094  0.8487 
   00714    0.4025   -1370.0897  0.8416 
   00715    0.4075   -1367.0688  0.8356 
   00716    0.4400   -1387.2094  0.8472 
   00717    0.3650   -1391.4817  0.8520 
   00718    0.3600   -1381.4474  0.8543 
   00719    0.4025   -1371.0540  0.8531 
   00720    0.4150   -1375.8301  0.8592 
   00721    0.4050   -1382.8979  0.8587 
   00722    0.4400   -1384.1355  0.8577 
   00723    0.3750   -1395.8032  0.8628 
   00724    0.3300   -1390.2487  0.8589 
   00725    0.3900   -1377.0192  0.8503 
   00726    0.4150   -1388.7451  0.8520 
   00727    0.4200   -1394.7064  0.8513 
   00728    0.3750   -1397.2206  0.8579 
   00729    0.4100   -1393.9166  0.8573 
   00730    0.3750   -1410.0198  0.8531 
   00731    0.3875   -1404.4192  0.8548 
   00732    0.3850   -1412.5326  0.8634 
   00733    0.3850   -1404.6396  0.8698 
   00734    0.4350   -1382.4360  0.8690 
   00735    0.4025   -1370.8082  0.8658 
   00736    0.3825   -1376.3304  0.8721 
   00737    0.4175   -1392.0464  0.8710 
   00738    0.3875   -1381.8478  0.8774 
   00739    0.4300   -1385.3031  0.8748 
   00740    0.4175   -1383.7822  0.8717 
   00741    0.4375   -1378.6226  0.8667 
   00742    0.4125   -1379.6671  0.8716 
   00743    0.4425   -1366.6378  0.8705 
   00744    0.3775   -1363.7454  0.8616 
   00745    0.4200   -1374.1335  0.8737 
   00746    0.4050   -1375.7933  0.8773 
   00747    0.4450   -1364.1820  0.8612 
   00748    0.4050   -1369.9866  0.8675 
   00749    0.4000   -1365.1473  0.8624 
   00750    0.4350   -1338.2083  0.8435 
   00751    0.3900   -1341.1260  0.8455 
   00752    0.4050   -1337.8921  0.8388 
   00753    0.4575   -1327.9786  0.8407 
   00754    0.4000   -1325.7682  0.8231 
   00755    0.4350   -1341.4995  0.8395 
   00756    0.4025   -1348.0096  0.8430 
   00757    0.4925   -1336.5627  0.8436 
   00758    0.4150   -1335.1774  0.8445 
   00759    0.4250   -1336.0809  0.8391 
   00760    0.3900   -1347.2017  0.8438 
   00761    0.4375   -1342.7261  0.8382 
   00762    0.4625   -1357.7672  0.8438 
   00763    0.4050   -1367.9799  0.8500 
   00764    0.4175   -1363.4653  0.8471 
   00765    0.4700   -1369.6993  0.8404 
   00766    0.4175   -1379.0367  0.8458 
   00767    0.3950   -1375.4404  0.8468 
   00768    0.4200   -1375.7919  0.8445 
   00769    0.3975   -1376.2247  0.8501 
   00770    0.3800   -1369.5698  0.8566 
   00771    0.4025   -1363.2075  0.8507 
   00772    0.4225   -1367.9199  0.8530 
   00773    0.4075   -1366.6418  0.8529 
   00774    0.3975   -1372.1410  0.8529 
   00775    0.4300   -1364.4624  0.8560 
   00776    0.3950   -1391.3652  0.8655 
   00777    0.4050   -1397.6466  0.8603 
   00778    0.3850   -1381.9280  0.8615 
   00779    0.3825   -1394.1425  0.8658 
   00780    0.3775   -1402.7412  0.8662 
   00781    0.4375   -1380.0129  0.8660 
   00782    0.3750   -1381.1398  0.8662 
   00783    0.4100   -1378.5869  0.8625 
   00784    0.4175   -1375.5435  0.8584 
   00785    0.4025   -1388.9215  0.8600 
   00786    0.4325   -1375.4696  0.8498 
   00787    0.4075   -1391.6217  0.8610 
   00788    0.4175   -1387.0458  0.8646 
   00789    0.4000   -1374.3109  0.8577 
   00790    0.4175   -1356.7919  0.8573 
   00791    0.3875   -1378.3995  0.8580 
   00792    0.4100   -1379.1349  0.8655 
   00793    0.4200   -1382.9371  0.8619 
   00794    0.4275   -1379.3273  0.8622 
   00795    0.4125   -1341.5361  0.8469 
   00796    0.4075   -1352.1710  0.8458 
   00797    0.3800   -1349.6863  0.8507 
   00798    0.3900   -1369.0613  0.8674 
   00799    0.4325   -1363.8765  0.8677 
   00800    0.3250   -1369.6375  0.8652 
   00801    0.3675   -1389.9619  0.8699 
   00802    0.4300   -1402.6980  0.8817 
   00803    0.3825   -1402.1964  0.8852 
   00804    0.4075   -1397.1938  0.8799 
   00805    0.4225   -1388.4452  0.8807 
   00806    0.4050   -1380.6764  0.8764 
   00807    0.4650   -1375.1827  0.8759 
   00808    0.4050   -1368.4172  0.8674 
   00809    0.4075   -1369.6892  0.8655 
   00810    0.4425   -1357.3062  0.8543 
   00811    0.3725   -1369.5326  0.8607 
   00812    0.3900   -1381.1417  0.8647 
   00813    0.4000   -1376.6565  0.8613 
   00814    0.4250   -1379.2325  0.8720 
   00815    0.4375   -1361.7614  0.8634 
   00816    0.4400   -1369.5875  0.8688 
   00817    0.3525   -1369.1260  0.8644 
   00818    0.4375   -1355.5681  0.8598 
   00819    0.4500   -1368.7524  0.8561 
   00820    0.4025   -1371.0681  0.8588 
   00821    0.4600   -1389.4790  0.8636 
   00822    0.4350   -1387.9771  0.8643 
   00823    0.4075   -1372.3287  0.8597 
   00824    0.4225   -1384.8699  0.8620 
   00825    0.3700   -1380.8998  0.8595 
   00826    0.4250   -1373.4581  0.8640 
   00827    0.4250   -1359.1418  0.8525 
   00828    0.4100   -1384.8486  0.8600 
   00829    0.4275   -1376.3032  0.8594 
   00830    0.4100   -1370.7350  0.8461 
   00831    0.4350   -1366.0330  0.8602 
   00832    0.3950   -1371.7145  0.8577 
   00833    0.4550   -1378.1003  0.8632 
   00834    0.4475   -1364.7799  0.8594 
   00835    0.4175   -1382.8433  0.8745 
   00836    0.4350   -1377.2661  0.8695 
   00837    0.3725   -1378.7230  0.8678 
   00838    0.4200   -1377.3090  0.8708 
   00839    0.3850   -1383.9086  0.8751 
   00840    0.4000   -1381.5746  0.8648 
   00841    0.4100   -1391.9785  0.8671 
   00842    0.4200   -1373.0841  0.8620 
   00843    0.4075   -1384.3949  0.8789 
   00844    0.4325   -1371.9117  0.8768 
   00845    0.3750   -1365.7180  0.8727 
   00846    0.4250   -1377.6537  0.8762 
   00847    0.4025   -1368.0648  0.8658 
   00848    0.3900   -1370.1975  0.8671 
   00849    0.4250   -1376.1620  0.8664 
   00850    0.3525   -1373.3094  0.8687 
   00851    0.4050   -1372.6884  0.8684 
   00852    0.3925   -1352.2136  0.8569 
   00853    0.4375   -1363.5790  0.8614 
   00854    0.4000   -1365.8669  0.8543 
   00855    0.4175   -1360.2092  0.8519 
   00856    0.3725   -1379.7489  0.8616 
   00857    0.4100   -1359.9402  0.8488 
   00858    0.4175   -1357.0916  0.8441 
   00859    0.3900   -1370.8885  0.8603 
   00860    0.3975   -1368.3621  0.8604 
   00861    0.4700   -1346.4465  0.8498 
   00862    0.4150   -1345.0044  0.8472 
   00863    0.3825   -1341.5184  0.8416 
   00864    0.3950   -1354.0427  0.8368 
   00865    0.4150   -1359.0535  0.8426 
   00866    0.3975   -1363.4973  0.8525 
   00867    0.4350   -1372.8920  0.8553 
   00868    0.3725   -1381.6357  0.8573 
   00869    0.4325   -1389.2263  0.8575 
   00870    0.4325   -1370.8240  0.8471 
   00871    0.4300   -1367.6434  0.8445 
   00872    0.4350   -1373.2925  0.8404 
   00873    0.3775   -1360.6079  0.8341 
   00874    0.3925   -1378.6143  0.8447 
   00875    0.4125   -1377.5873  0.8423 
   00876    0.4350   -1356.2025  0.8387 
   00877    0.4300   -1371.6538  0.8412 
   00878    0.3875   -1356.8409  0.8320 
   00879    0.4100   -1390.7827  0.8430 
   00880    0.3950   -1376.9495  0.8434 
   00881    0.4225   -1400.3077  0.8478 
   00882    0.4325   -1410.4111  0.8592 
   00883    0.4000   -1400.8104  0.8504 
   00884    0.4075   -1388.4274  0.8412 
   00885    0.4375   -1392.6053  0.8479 
   00886    0.3750   -1388.6165  0.8473 
   00887    0.4075   -1390.5791  0.8544 
   00888    0.4150   -1399.1451  0.8441 
   00889    0.3975   -1390.0148  0.8422 
   00890    0.4125   -1399.7548  0.8268 
   00891    0.3925   -1389.7401  0.8282 
   00892    0.3875   -1392.8711  0.8359 
   00893    0.4075   -1381.3381  0.8415 
   00894    0.3900   -1388.7991  0.8525 
   00895    0.4375   -1400.6625  0.8492 
   00896    0.3850   -1396.7725  0.8488 
   00897    0.3825   -1393.6190  0.8510 
   00898    0.4325   -1386.4382  0.8560 
   00899    0.4200   -1390.2866  0.8540 
   00900    0.4325   -1383.4464  0.8486 
   00901    0.4275   -1382.4744  0.8539 
   00902    0.4000   -1382.3228  0.8589 
   00903    0.4100   -1373.4204  0.8611 
   00904    0.4375   -1369.1399  0.8626 
   00905    0.4475   -1370.8898  0.8672 
   00906    0.3950   -1370.2999  0.8711 
   00907    0.4425   -1377.6951  0.8689 
   00908    0.3925   -1380.5696  0.8673 
   00909    0.4175   -1370.5326  0.8634 
   00910    0.4175   -1381.3354  0.8637 
   00911    0.4350   -1385.8352  0.8698 
   00912    0.3650   -1371.4694  0.8662 
   00913    0.4350   -1365.7781  0.8696 
   00914    0.3975   -1356.4156  0.8692 
   00915    0.3850   -1353.4072  0.8629 
   00916    0.4125   -1359.8916  0.8613 
   00917    0.4350   -1377.3037  0.8616 
   00918    0.3775   -1377.0834  0.8600 
   00919    0.4175   -1371.8687  0.8644 
   00920    0.4000   -1354.7881  0.8546 
   00921    0.3850   -1364.2151  0.8548 
   00922    0.4300   -1359.8265  0.8608 
   00923    0.4400   -1378.2950  0.8601 
   00924    0.4100   -1375.7676  0.8456 
   00925    0.4200   -1380.7198  0.8510 
   00926    0.4625   -1382.0355  0.8486 
   00927    0.4225   -1378.0392  0.8423 
   00928    0.4225   -1378.4062  0.8453 
   00929    0.4475   -1384.8281  0.8522 
   00930    0.3750   -1375.3201  0.8588 
   00931    0.4225   -1374.2213  0.8558 
   00932    0.3550   -1367.5898  0.8513 
   00933    0.4000   -1373.8099  0.8554 
   00934    0.3650   -1378.7500  0.8590 
   00935    0.4475   -1379.7395  0.8597 
   00936    0.4025   -1379.3994  0.8554 
   00937    0.3725   -1368.0898  0.8473 
   00938    0.4125   -1380.7947  0.8587 
   00939    0.4450   -1387.0319  0.8636 
   00940    0.4250   -1383.8871  0.8681 
   00941    0.3825   -1378.9879  0.8650 
   00942    0.4250   -1363.4395  0.8579 
   00943    0.4125   -1362.2814  0.8589 
   00944    0.4075   -1358.7136  0.8605 
   00945    0.4150   -1380.5985  0.8607 
   00946    0.4350   -1379.7936  0.8634 
   00947    0.3650   -1401.8037  0.8640 
   00948    0.4550   -1394.8275  0.8521 
   00949    0.4000   -1390.4818  0.8431 
   00950    0.3775   -1371.4995  0.8382 
   00951    0.4175   -1391.7754  0.8518 
   00952    0.4050   -1363.6642  0.8444 
   00953    0.4250   -1368.5988  0.8473 
   00954    0.4275   -1352.8857  0.8496 
   00955    0.4250   -1358.2062  0.8605 
   00956    0.4200   -1359.4316  0.8591 
   00957    0.4175   -1356.4441  0.8621 
   00958    0.4150   -1357.9062  0.8644 
   00959    0.3950   -1381.2439  0.8786 
   00960    0.4275   -1369.8672  0.8734 
   00961    0.4000   -1362.0968  0.8675 
   00962    0.4225   -1372.1239  0.8709 
   00963    0.3850   -1359.6038  0.8659 
   00964    0.4100   -1344.9423  0.8579 
   00965    0.4075   -1345.2830  0.8595 
   00966    0.3975   -1373.4442  0.8657 
   00967    0.4225   -1362.3298  0.8530 
   00968    0.4350   -1376.1019  0.8618 
   00969    0.3950   -1387.3546  0.8618 
   00970    0.3925   -1388.5587  0.8579 
   00971    0.4450   -1390.4801  0.8607 
   00972    0.4225   -1393.4198  0.8609 
   00973    0.3725   -1397.1573  0.8676 
   00974    0.3975   -1420.0200  0.8667 
   00975    0.3925   -1414.5906  0.8677 
   00976    0.4050   -1404.8469  0.8691 
   00977    0.4150   -1395.4733  0.8652 
   00978    0.4450   -1379.5468  0.8628 
   00979    0.4125   -1377.4941  0.8636 
   00980    0.4000   -1394.9402  0.8667 
   00981    0.4125   -1377.3407  0.8604 
   00982    0.3950   -1384.6412  0.8640 
   00983    0.4150   -1369.6378  0.8566 
   00984    0.4300   -1384.7107  0.8579 
   00985    0.4125   -1382.0771  0.8690 
   00986    0.3600   -1394.2681  0.8660 
   00987    0.4075   -1396.0125  0.8664 
   00988    0.4050   -1396.1251  0.8624 
   00989    0.3875   -1377.8229  0.8590 
   00990    0.4200   -1379.7860  0.8574 
   00991    0.4200   -1393.2319  0.8614 
   00992    0.4225   -1400.2419  0.8696 
   00993    0.3925   -1398.2388  0.8609 
   00994    0.4250   -1388.4308  0.8609 
   00995    0.4250   -1380.5262  0.8520 
   00996    0.4100   -1380.2175  0.8615 
   00997    0.3950   -1387.4186  0.8670 
   00998    0.4425   -1388.1304  0.8677 
   00999    0.3850   -1378.6644  0.8560 
   01000    0.4000   -1389.1680  0.8632 
   01001    0.4075   -1375.9550  0.8560 
   01002    0.3650   -1379.1399  0.8646 
   01003    0.4375   -1355.3009  0.8489 
   01004    0.4000   -1355.7262  0.8547 
   01005    0.4300   -1356.6034  0.8511 
   01006    0.4075   -1381.5251  0.8562 
   01007    0.4300   -1388.8750  0.8561 
   01008    0.3725   -1383.7006  0.8552 
   01009    0.4275   -1384.9579  0.8546 
   01010    0.3725   -1379.0540  0.8529 
   01011    0.4000   -1357.7410  0.8505 
   01012    0.3825   -1358.9257  0.8511 
   01013    0.3950   -1354.6952  0.8475 
   01014    0.4325   -1372.2397  0.8526 
   01015    0.4125   -1389.2493  0.8677 
   01016    0.4200   -1399.4486  0.8637 
   01017    0.3500   -1390.5253  0.8702 
   01018    0.3950   -1397.4391  0.8672 
   01019    0.4200   -1401.4250  0.8713 
   01020    0.3950   -1398.0083  0.8664 
   01021    0.4300   -1383.7546  0.8546 
   01022    0.3925   -1373.8269  0.8429 
   01023    0.4100   -1378.4491  0.8587 
   01024    0.3975   -1374.8879  0.8581 
   01025    0.4125   -1373.1080  0.8651 
   01026    0.4100   -1368.2404  0.8619 
   01027    0.3900   -1382.9259  0.8679 
   01028    0.4350   -1389.5770  0.8748 
   01029    0.4075   -1392.1392  0.8803 
   01030    0.3700   -1384.7114  0.8727 
   01031    0.4150   -1387.7343  0.8773 
   01032    0.4775   -1403.0227  0.8849 
   01033    0.4100   -1391.2064  0.8860 
   01034    0.3575   -1382.3406  0.8829 
   01035    0.3925   -1394.2208  0.8896 
   01036    0.4075   -1385.5139  0.8729 
   01037    0.3975   -1397.7086  0.8756 
   01038    0.3875   -1402.4548  0.8742 
   01039    0.4200   -1392.3461  0.8720 
   01040    0.4475   -1390.8967  0.8837 
   01041    0.3675   -1386.0720  0.8718 
   01042    0.4275   -1400.9587  0.8732 
   01043    0.4100   -1400.8904  0.8680 
   01044    0.3950   -1373.5098  0.8649 
   01045    0.4175   -1387.7261  0.8745 
   01046    0.3850   -1390.5271  0.8744 
   01047    0.3575   -1408.9895  0.8770 
   01048    0.3975   -1405.4055  0.8748 
   01049    0.3750   -1397.5359  0.8756 
   01050    0.4475   -1383.1147  0.8719 
   01051    0.4300   -1402.9946  0.8791 
   01052    0.3900   -1402.1261  0.8757 
   01053    0.4025   -1399.8055  0.8751 
   01054    0.4150   -1371.9542  0.8633 
   01055    0.4425   -1387.7374  0.8595 
   01056    0.3575   -1393.3590  0.8577 
   01057    0.4025   -1390.8575  0.8596 
   01058    0.4250   -1387.8777  0.8513 
   01059    0.3775   -1376.6290  0.8423 
   01060    0.4100   -1363.1250  0.8267 
   01061    0.4125   -1374.3077  0.8320 
   01062    0.4000   -1363.8726  0.8349 
   01063    0.4400   -1375.3075  0.8441 
   01064    0.4375   -1373.0790  0.8399 
   01065    0.4000   -1374.6917  0.8359 
   01066    0.3825   -1376.3428  0.8419 
   01067    0.4400   -1381.3420  0.8491 
   01068    0.3875   -1386.5040  0.8455 
   01069    0.4300   -1381.5277  0.8406 
   01070    0.3975   -1385.6199  0.8448 
   01071    0.4025   -1388.0959  0.8466 
   01072    0.4000   -1373.4904  0.8434 
   01073    0.4300   -1371.0847  0.8458 
   01074    0.4100   -1386.1523  0.8604 
   01075    0.3825   -1383.8171  0.8514 
   01076    0.4300   -1364.9377  0.8474 
   01077    0.4175   -1369.2046  0.8487 
   01078    0.4075   -1350.5889  0.8513 
   01079    0.3975   -1360.0181  0.8552 
   01080    0.4150   -1365.1331  0.8577 
   01081    0.3725   -1364.1001  0.8589 
   01082    0.4075   -1358.2632  0.8532 
   01083    0.4600   -1373.5176  0.8568 
   01084    0.4225   -1364.7834  0.8522 
   01085    0.4075   -1374.7729  0.8485 
   01086    0.4025   -1375.4677  0.8460 
   01087    0.4050   -1389.5626  0.8570 
   01088    0.4275   -1367.2192  0.8538 
   01089    0.3925   -1367.9263  0.8593 
   01090    0.3775   -1381.0876  0.8689 
   01091    0.3825   -1393.5065  0.8677 
   01092    0.4250   -1396.9668  0.8706 
   01093    0.3750   -1394.6661  0.8685 
   01094    0.3925   -1397.5664  0.8671 
   01095    0.3825   -1385.5430  0.8554 
   01096    0.3900   -1396.4901  0.8646 
   01097    0.3950   -1389.2651  0.8655 
   01098    0.3975   -1381.6694  0.8519 
   01099    0.4250   -1352.5112  0.8293 
   01100    0.4100   -1361.4486  0.8318 
   01101    0.3950   -1378.6257  0.8438 
   01102    0.4225   -1373.4097  0.8438 
   01103    0.4050   -1359.0997  0.8465 
   01104    0.3975   -1344.6617  0.8410 
   01105    0.4350   -1358.9767  0.8431 
   01106    0.4200   -1347.2432  0.8368 
   01107    0.3975   -1361.1771  0.8446 
   01108    0.3650   -1353.5861  0.8354 
   01109    0.3900   -1375.4725  0.8503 
   01110    0.4000   -1393.3867  0.8600 
   01111    0.4500   -1391.0016  0.8626 
   01112    0.4000   -1396.8143  0.8713 
   01113    0.3925   -1404.2581  0.8751 
   01114    0.3850   -1411.5210  0.8776 
   01115    0.3975   -1427.2625  0.8833 
   01116    0.4075   -1406.2975  0.8699 
   01117    0.4250   -1395.7512  0.8650 
   01118    0.4300   -1395.6122  0.8600 
   01119    0.4075   -1393.4152  0.8669 
   01120    0.3900   -1380.2151  0.8660 
   01121    0.4150   -1391.4209  0.8706 
   01122    0.3775   -1392.6866  0.8728 
   01123    0.3875   -1387.3156  0.8586 
   01124    0.4175   -1367.6246  0.8582 
   01125    0.3750   -1376.5333  0.8628 
   01126    0.3850   -1370.6941  0.8617 
   01127    0.3850   -1385.8807  0.8730 
   01128    0.3850   -1361.4744  0.8627 
   01129    0.4100   -1361.2611  0.8620 
   01130    0.3775   -1381.9071  0.8641 
   01131    0.4100   -1376.3248  0.8597 
   01132    0.3950   -1366.5591  0.8586 
   01133    0.4100   -1357.6243  0.8576 
   01134    0.4575   -1370.9587  0.8558 
   01135    0.3875   -1358.6155  0.8501 
   01136    0.4100   -1382.2975  0.8573 
   01137    0.4525   -1382.7648  0.8681 
   01138    0.4150   -1390.9104  0.8720 
   01139    0.3825   -1376.8652  0.8657 
   01140    0.4250   -1401.4403  0.8707 
   01141    0.4300   -1406.1230  0.8739 
   01142    0.3700   -1386.2323  0.8588 
   01143    0.4050   -1379.7024  0.8491 
   01144    0.3800   -1387.1921  0.8579 
   01145    0.4050   -1384.4016  0.8515 
   01146    0.4150   -1380.4044  0.8537 
   01147    0.4125   -1369.2235  0.8491 
   01148    0.3725   -1383.1630  0.8622 
   01149    0.4050   -1387.6882  0.8623 
   01150    0.3700   -1387.3873  0.8527 
   01151    0.4200   -1385.1616  0.8561 
   01152    0.4000   -1409.2267  0.8553 
   01153    0.4275   -1402.8844  0.8492 
   01154    0.4450   -1413.8602  0.8633 
   01155    0.4225   -1396.0005  0.8589 
   01156    0.4150   -1409.5557  0.8556 
   01157    0.3850   -1413.4611  0.8645 
   01158    0.4300   -1391.1868  0.8560 
   01159    0.3825   -1396.7849  0.8528 
   01160    0.4050   -1390.7858  0.8541 
   01161    0.3900   -1376.2725  0.8429 
   01162    0.4025   -1375.2609  0.8412 
   01163    0.3925   -1370.8860  0.8513 
   01164    0.4125   -1383.8049  0.8638 
   01165    0.3725   -1394.8271  0.8674 
   01166    0.3775   -1402.3979  0.8695 
   01167    0.3900   -1392.8577  0.8588 
   01168    0.4225   -1397.3136  0.8655 
   01169    0.4025   -1391.1544  0.8592 
   01170    0.3700   -1393.0455  0.8577 
   01171    0.3750   -1384.8960  0.8468 
   01172    0.4200   -1374.0126  0.8323 
   01173    0.4375   -1377.5497  0.8353 
   01174    0.4050   -1370.8590  0.8353 
   01175    0.4250   -1362.4301  0.8248 
   01176    0.4425   -1356.5153  0.8174 
   01177    0.4475   -1376.6296  0.8297 
   01178    0.4200   -1382.9695  0.8396 
   01179    0.3800   -1362.8058  0.8387 
   01180    0.4075   -1359.8665  0.8438 
   01181    0.4500   -1365.7214  0.8426 
   01182    0.4500   -1369.9265  0.8349 
   01183    0.4175   -1372.3984  0.8261 
   01184    0.3825   -1366.9115  0.8242 
   01185    0.4325   -1365.5524  0.8356 
   01186    0.4225   -1364.7472  0.8357 
   01187    0.4075   -1356.7070  0.8293 
   01188    0.3800   -1349.2548  0.8295 
   01189    0.4275   -1356.6592  0.8293 
   01190    0.4300   -1357.2229  0.8237 
   01191    0.4075   -1361.0494  0.8276 
   01192    0.4000   -1368.3713  0.8305 
   01193    0.4075   -1366.6367  0.8256 
   01194    0.3825   -1365.3311  0.8176 
   01195    0.4200   -1368.9287  0.8240 
   01196    0.4350   -1371.3076  0.8200 
   01197    0.3900   -1372.1254  0.8137 
   01198    0.4275   -1375.9956  0.8110 
   01199    0.4500   -1371.9613  0.7988 
   01200    0.3825   -1373.1603  0.8028 
   01201    0.3725   -1364.6168  0.7995 
   01202    0.4025   -1368.6429  0.8095 
   01203    0.4175   -1363.7273  0.8101 
   01204    0.4350   -1371.1810  0.8201 
   01205    0.4400   -1365.8365  0.8244 
   01206    0.4425   -1374.6874  0.8272 
   01207    0.4150   -1378.3267  0.8233 
   01208    0.4550   -1366.8539  0.8202 
   01209    0.4000   -1390.4312  0.8229 
   01210    0.4150   -1393.1287  0.8197 
   01211    0.4800   -1391.0361  0.8056 
   01212    0.3850   -1379.1151  0.8148 
   01213    0.4325   -1384.0815  0.8263 
   01214    0.3850   -1383.1910  0.8287 
   01215    0.4100   -1378.6616  0.8218 
   01216    0.3625   -1369.9004  0.8163 
   01217    0.4125   -1381.2634  0.8211 
   01218    0.4300   -1363.9271  0.8089 
   01219    0.4425   -1366.6642  0.8166 
   01220    0.4075   -1356.0251  0.8218 
   01221    0.4275   -1365.8160  0.8178 
   01222    0.4500   -1359.2787  0.8089 
   01223    0.4325   -1358.9531  0.8161 
   01224    0.4025   -1363.9746  0.8218 
   01225    0.4025   -1360.5135  0.8170 
   01226    0.3925   -1372.1840  0.8130 
   01227    0.4100   -1372.6410  0.8198 
   01228    0.3675   -1365.9296  0.8291 
   01229    0.4400   -1359.2740  0.8343 
   01230    0.4550   -1353.4934  0.8261 
   01231    0.4025   -1372.7383  0.8290 
   01232    0.3525   -1359.8357  0.8208 
   01233    0.4150   -1354.7687  0.8147 
   01234    0.3900   -1359.7823  0.8082 
   01235    0.4200   -1364.2188  0.8077 
   01236    0.4000   -1363.2317  0.8189 
   01237    0.4025   -1364.3534  0.8224 
   01238    0.4075   -1372.0604  0.8233 
   01239    0.4575   -1377.6772  0.8292 
   01240    0.4225   -1385.4106  0.8419 
   01241    0.4175   -1391.5602  0.8440 
   01242    0.4050   -1387.1957  0.8345 
   01243    0.3950   -1378.5308  0.8246 
   01244    0.3925   -1376.0365  0.8347 
   01245    0.4150   -1376.0857  0.8232 
   01246    0.4350   -1385.0177  0.8375 
   01247    0.3875   -1386.3728  0.8324 
   01248    0.4525   -1386.2251  0.8266 
   01249    0.4275   -1384.6472  0.8244 
   01250    0.4075   -1390.6189  0.8322 
   01251    0.4000   -1370.9403  0.8135 
   01252    0.3600   -1364.4991  0.8095 
   01253    0.4525   -1364.5219  0.8087 
   01254    0.3625   -1341.4781  0.8013 
   01255    0.4600   -1359.0861  0.8134 
   01256    0.4350   -1367.1079  0.8139 
   01257    0.3800   -1364.9067  0.8169 
   01258    0.4350   -1356.9120  0.8128 
   01259    0.4275   -1365.4890  0.8113 
   01260    0.4550   -1352.7046  0.7990 
   01261    0.3775   -1359.7980  0.7991 
   01262    0.4050   -1363.0377  0.8168 
   01263    0.4225   -1375.5013  0.8186 
   01264    0.3600   -1369.4083  0.8218 
   01265    0.4000   -1389.5851  0.8316 
   01266    0.3675   -1384.8625  0.8336 
   01267    0.4025   -1374.5635  0.8305 
   01268    0.3925   -1385.4111  0.8350 
   01269    0.3750   -1360.4727  0.8278 
   01270    0.4575   -1385.8329  0.8405 
   01271    0.4225   -1386.8955  0.8491 
   01272    0.4325   -1375.6094  0.8428 
   01273    0.3525   -1372.9216  0.8462 
   01274    0.4075   -1377.3375  0.8439 
   01275    0.4400   -1372.5623  0.8253 
   01276    0.4200   -1371.8301  0.8277 
   01277    0.3875   -1370.7551  0.8234 
   01278    0.4325   -1364.4650  0.8151 
   01279    0.4025   -1380.3926  0.8217 
   01280    0.3875   -1361.0278  0.8231 
   01281    0.3475   -1367.2355  0.8184 
   01282    0.4350   -1376.2457  0.8206 
   01283    0.4500   -1351.8342  0.8070 
   01284    0.4250   -1352.9341  0.8153 
   01285    0.4125   -1347.2008  0.8178 
   01286    0.4150   -1337.9297  0.8124 
   01287    0.4350   -1355.5847  0.8303 
   01288    0.3950   -1364.3353  0.8380 
   01289    0.4450   -1367.6885  0.8303 
   01290    0.4025   -1372.3574  0.8291 
   01291    0.4200   -1386.5552  0.8436 
   01292    0.3825   -1370.3634  0.8409 
   01293    0.4125   -1349.4242  0.8284 
   01294    0.3675   -1343.7152  0.8285 
   01295    0.3725   -1345.6552  0.8265 
   01296    0.4100   -1340.8793  0.8268 
   01297    0.4300   -1355.0956  0.8397 
   01298    0.4200   -1351.3413  0.8323 
   01299    0.4150   -1369.6011  0.8386 
   01300    0.4050   -1358.9724  0.8336 
   01301    0.4275   -1379.8129  0.8404 
   01302    0.4325   -1392.7532  0.8551 
   01303    0.3475   -1381.5767  0.8501 
   01304    0.4025   -1370.9592  0.8434 
   01305    0.3900   -1396.5095  0.8449 
   01306    0.3800   -1382.6783  0.8390 
   01307    0.3925   -1392.6956  0.8420 
   01308    0.3950   -1400.9354  0.8467 
   01309    0.3800   -1382.6582  0.8378 
   01310    0.4425   -1383.0797  0.8376 
   01311    0.4300   -1401.1780  0.8462 
   01312    0.4175   -1402.8530  0.8499 
   01313    0.3800   -1396.0482  0.8440 
   01314    0.4275   -1389.7573  0.8461 
   01315    0.3775   -1388.9249  0.8426 
   01316    0.4200   -1376.3412  0.8427 
   01317    0.4450   -1376.7827  0.8426 
   01318    0.4200   -1388.2926  0.8420 
   01319    0.3725   -1386.2838  0.8470 
   01320    0.4100   -1366.5770  0.8437 
   01321    0.4525   -1379.9255  0.8436 
   01322    0.4000   -1394.7191  0.8439 
   01323    0.3900   -1386.0854  0.8402 
   01324    0.4350   -1364.8473  0.8330 
   01325    0.3700   -1377.9316  0.8391 
   01326    0.3700   -1369.7305  0.8413 
   01327    0.3900   -1386.5631  0.8431 
   01328    0.4225   -1374.8108  0.8399 
   01329    0.4275   -1375.9459  0.8499 
   01330    0.3425   -1374.4628  0.8556 
   01331    0.3550   -1369.2280  0.8498 
   01332    0.4200   -1373.0919  0.8532 
   01333    0.4100   -1374.4543  0.8453 
   01334    0.3875   -1368.5773  0.8402 
   01335    0.4150   -1397.4771  0.8536 
   01336    0.4000   -1383.7708  0.8404 
   01337    0.3925   -1381.9813  0.8433 
   01338    0.4075   -1396.0498  0.8502 
   01339    0.4425   -1397.8762  0.8427 
   01340    0.3725   -1389.7771  0.8448 
   01341    0.4150   -1392.0619  0.8493 
   01342    0.4225   -1390.5928  0.8548 
   01343    0.4000   -1397.4661  0.8512 
   01344    0.3825   -1385.0004  0.8395 
   01345    0.3825   -1366.5020  0.8361 
   01346    0.4025   -1362.9224  0.8412 
   01347    0.3725   -1367.8311  0.8387 
   01348    0.3850   -1379.0154  0.8478 
   01349    0.4300   -1367.5175  0.8398 
   01350    0.4325   -1370.3115  0.8408 
   01351    0.4050   -1369.2552  0.8452 
   01352    0.4175   -1374.8113  0.8459 
   01353    0.4250   -1354.2834  0.8363 
   01354    0.4150   -1344.7225  0.8338 
   01355    0.3925   -1344.0386  0.8281 
   01356    0.4275   -1352.0024  0.8336 
   01357    0.4050   -1365.2324  0.8282 
   01358    0.4175   -1355.5701  0.8241 
   01359    0.4250   -1361.4066  0.8315 
   01360    0.4650   -1365.2234  0.8273 
   01361    0.4450   -1340.9070  0.8199 
   01362    0.3875   -1326.7638  0.8141 
   01363    0.4325   -1331.8986  0.8221 
   01364    0.4525   -1366.2314  0.8384 
   01365    0.4000   -1363.9778  0.8366 
   01366    0.4025   -1363.7892  0.8322 
   01367    0.4100   -1359.6812  0.8194 
   01368    0.3775   -1345.5046  0.8108 
   01369    0.4300   -1359.4163  0.8100 
   01370    0.4650   -1359.0344  0.8061 
   01371    0.4100   -1369.0222  0.8071 
   01372    0.3950   -1377.2028  0.8210 
   01373    0.4200   -1384.0229  0.8366 
   01374    0.4250   -1365.1141  0.8235 
   01375    0.4150   -1368.8838  0.8272 
   01376    0.3900   -1399.0175  0.8534 
   01377    0.4075   -1391.3137  0.8430 
   01378    0.4100   -1393.6007  0.8505 
   01379    0.4300   -1395.0695  0.8545 
   01380    0.4425   -1389.5994  0.8526 
   01381    0.4825   -1387.4196  0.8592 
   01382    0.4425   -1371.9458  0.8592 
   01383    0.3800   -1374.3188  0.8580 
   01384    0.4475   -1365.7173  0.8536 
   01385    0.4200   -1355.5778  0.8530 
   01386    0.4150   -1362.7606  0.8486 
   01387    0.3850   -1358.5164  0.8513 
   01388    0.4125   -1377.6440  0.8558 
   01389    0.3450   -1366.8217  0.8497 
   01390    0.4000   -1373.5526  0.8497 
   01391    0.3925   -1375.7697  0.8591 
   01392    0.4100   -1383.7616  0.8674 
   01393    0.4050   -1369.5892  0.8603 
   01394    0.4175   -1351.9958  0.8513 
   01395    0.4150   -1363.2611  0.8481 
   01396    0.4150   -1376.5941  0.8632 
   01397    0.4675   -1386.3014  0.8616 
   01398    0.3900   -1391.9370  0.8745 
   01399    0.3375   -1385.8019  0.8741 
   01400    0.3975   -1395.3489  0.8762 
   01401    0.3975   -1381.7467  0.8764 
   01402    0.3875   -1390.0719  0.8771 
   01403    0.4200   -1383.6038  0.8649 
   01404    0.4325   -1388.0908  0.8604 
   01405    0.3925   -1387.2231  0.8554 
   01406    0.4025   -1373.2142  0.8454 
   01407    0.4275   -1371.2090  0.8445 
   01408    0.4200   -1357.1967  0.8421 
   01409    0.4025   -1373.3015  0.8428 
   01410    0.4475   -1381.7192  0.8533 
   01411    0.4025   -1385.5341  0.8546 
   01412    0.4275   -1378.3633  0.8545 
   01413    0.4250   -1371.0144  0.8510 
   01414    0.4475   -1370.4475  0.8484 
   01415    0.3825   -1369.8368  0.8381 
   01416    0.4300   -1368.5792  0.8411 
   01417    0.3775   -1374.4432  0.8414 
   01418    0.3725   -1384.0011  0.8429 
   01419    0.4350   -1371.2961  0.8331 
   01420    0.4175   -1369.9857  0.8361 
   01421    0.3450   -1382.4458  0.8471 
   01422    0.4100   -1393.4641  0.8459 
   01423    0.4150   -1382.1711  0.8440 
   01424    0.4150   -1394.9662  0.8490 
   01425    0.4475   -1383.9603  0.8464 
   01426    0.3625   -1390.8802  0.8568 
   01427    0.4375   -1397.0400  0.8603 
   01428    0.4075   -1380.1436  0.8630 
   01429    0.3700   -1367.3782  0.8619 
   01430    0.4475   -1370.3293  0.8685 
   01431    0.4200   -1367.8412  0.8652 
   01432    0.4575   -1391.4070  0.8761 
   01433    0.4475   -1392.2783  0.8755 
   01434    0.4275   -1420.7141  0.8905 
   01435    0.4075   -1423.3740  0.8951 
   01436    0.3650   -1410.5156  0.8895 
   01437    0.4000   -1374.5031  0.8725 
   01438    0.4025   -1380.9784  0.8725 
   01439    0.3875   -1365.9069  0.8727 
   01440    0.3650   -1391.6996  0.8815 
   01441    0.3800   -1386.7676  0.8842 
   01442    0.3975   -1397.5914  0.8860 
   01443    0.4400   -1388.3894  0.8819 
   01444    0.4375   -1382.1853  0.8797 
   01445    0.3925   -1384.0857  0.8821 
   01446    0.4025   -1408.7808  0.8811 
   01447    0.3625   -1403.6971  0.8884 
   01448    0.4125   -1369.3398  0.8677 
   01449    0.4350   -1375.4020  0.8672 
   01450    0.4600   -1382.9771  0.8698 
   01451    0.3650   -1380.3362  0.8736 
   01452    0.3725   -1383.2461  0.8719 
   01453    0.4125   -1355.7952  0.8588 
   01454    0.4425   -1363.1591  0.8511 
   01455    0.4275   -1359.2723  0.8422 
   01456    0.4200   -1358.3295  0.8297 
   01457    0.3650   -1335.1414  0.8218 
   01458    0.3925   -1350.8929  0.8299 
   01459    0.4175   -1356.7664  0.8217 
   01460    0.4200   -1348.0487  0.8181 
   01461    0.4300   -1318.2086  0.8179 
   01462    0.4625   -1337.5056  0.8324 
   01463    0.3800   -1361.0525  0.8408 
   01464    0.3975   -1369.2104  0.8437 
   01465    0.3925   -1378.7603  0.8481 
   01466    0.4075   -1370.2612  0.8547 
   01467    0.3925   -1375.7593  0.8563 
   01468    0.4400   -1377.2009  0.8667 
   01469    0.4700   -1380.6346  0.8637 
   01470    0.3825   -1367.5640  0.8558 
   01471    0.4275   -1377.6932  0.8566 
   01472    0.3925   -1388.3241  0.8576 
   01473    0.3625   -1369.2053  0.8450 
   01474    0.4075   -1361.9010  0.8408 
   01475    0.4025   -1369.1841  0.8554 
   01476    0.3975   -1364.7993  0.8610 
   01477    0.4100   -1375.4526  0.8667 
   01478    0.3975   -1378.6848  0.8645 
   01479    0.3700   -1385.8196  0.8718 
   01480    0.4650   -1378.1472  0.8658 
   01481    0.4025   -1385.3782  0.8646 
   01482    0.4175   -1383.2275  0.8611 
   01483    0.4075   -1368.8253  0.8504 
   01484    0.4075   -1367.8116  0.8569 
   01485    0.3925   -1366.1578  0.8569 
   01486    0.4675   -1369.0759  0.8596 
   01487    0.4375   -1364.0164  0.8532 
   01488    0.4625   -1346.4365  0.8470 
   01489    0.4575   -1332.8862  0.8365 
   01490    0.4150   -1334.6720  0.8335 
   01491    0.4000   -1346.2734  0.8368 
   01492    0.3875   -1354.7513  0.8298 
   01493    0.3775   -1357.1976  0.8251 
   01494    0.4175   -1366.9973  0.8317 
   01495    0.4075   -1375.9282  0.8447 
   01496    0.3750   -1384.7412  0.8433 
   01497    0.4000   -1383.9211  0.8326 
   01498    0.4025   -1367.7101  0.8341 
   01499    0.4200   -1363.1388  0.8440 
   01500    0.4100   -1384.7155  0.8526 
   01501    0.4075   -1371.3153  0.8526 
   01502    0.4150   -1375.6964  0.8612 
   01503    0.4725   -1376.2845  0.8642 
   01504    0.3750   -1389.6167  0.8707 
   01505    0.4000   -1383.0280  0.8646 
   01506    0.3975   -1400.3735  0.8664 
   01507    0.3675   -1400.1919  0.8623 
   01508    0.4125   -1392.2883  0.8540 
   01509    0.3875   -1395.4044  0.8518 
   01510    0.3625   -1391.5670  0.8587 
   01511    0.4250   -1402.7526  0.8581 
   01512    0.4350   -1402.3019  0.8552 
   01513    0.4175   -1402.5961  0.8509 
   01514    0.3750   -1391.5129  0.8619 
   01515    0.4375   -1392.2823  0.8593 
   01516    0.3875   -1390.0408  0.8531 
   01517    0.4050   -1387.7141  0.8591 
   01518    0.4175   -1392.7178  0.8637 
   01519    0.3825   -1400.7501  0.8638 
   01520    0.3925   -1400.9326  0.8619 
   01521    0.3800   -1396.5012  0.8547 
   01522    0.3850   -1378.0146  0.8507 
   01523    0.3775   -1377.5641  0.8438 
   01524    0.4125   -1386.2878  0.8494 
   01525    0.4250   -1388.2664  0.8428 
   01526    0.4250   -1376.0746  0.8432 
   01527    0.4600   -1362.8351  0.8336 
   01528    0.4400   -1369.8528  0.8401 
   01529    0.3925   -1356.8151  0.8301 
   01530    0.4300   -1343.9329  0.8294 
   01531    0.4400   -1335.9296  0.8267 
   01532    0.4150   -1354.5079  0.8284 
   01533    0.4450   -1358.8988  0.8242 
   01534    0.4450   -1342.7592  0.8230 
   01535    0.4375   -1343.7876  0.8246 
   01536    0.3950   -1341.5978  0.8235 
   01537    0.4375   -1347.8457  0.8229 
   01538    0.4325   -1374.4966  0.8405 
   01539    0.3675   -1362.8955  0.8372 
   01540    0.3925   -1369.7637  0.8415 
   01541    0.4175   -1367.8253  0.8539 
   01542    0.4175   -1378.1381  0.8621 
   01543    0.4100   -1361.6084  0.8542 
   01544    0.4025   -1358.4801  0.8543 
   01545    0.3800   -1379.2241  0.8562 
   01546    0.3950   -1373.9563  0.8490 
   01547    0.4175   -1368.4333  0.8475 
   01548    0.3650   -1369.7905  0.8503 
   01549    0.4375   -1383.2393  0.8605 
   01550    0.4200   -1383.5922  0.8608 
   01551    0.3675   -1383.8813  0.8589 
   01552    0.4050   -1361.2524  0.8554 
   01553    0.4100   -1367.3815  0.8662 
   01554    0.4225   -1380.6377  0.8742 
   01555    0.4150   -1378.5574  0.8734 
   01556    0.4150   -1383.8129  0.8809 
   01557    0.3925   -1370.2056  0.8720 
   01558    0.3925   -1389.4106  0.8793 
   01559    0.3975   -1390.1979  0.8856 
   01560    0.4075   -1390.2379  0.8832 
   01561    0.4075   -1399.7059  0.8920 
   01562    0.3875   -1409.4357  0.9009 
   01563    0.3975   -1394.2164  0.8911 
   01564    0.3950   -1389.3922  0.8862 
   01565    0.4300   -1414.8074  0.8911 
   01566    0.3900   -1410.3069  0.8983 
   01567    0.4025   -1408.8577  0.8941 
   01568    0.3900   -1403.2272  0.8913 
   01569    0.4000   -1411.6941  0.8926 
   01570    0.3850   -1421.4108  0.8940 
   01571    0.3950   -1404.9506  0.8850 
   01572    0.3825   -1413.8346  0.8861 
   01573    0.3875   -1427.1638  0.8972 
   01574    0.4125   -1395.4261  0.8930 
   01575    0.4100   -1397.9363  0.8980 
   01576    0.4250   -1398.2411  0.8930 
   01577    0.3975   -1389.7798  0.8915 
   01578    0.4475   -1365.6580  0.8876 
   01579    0.3900   -1383.2313  0.8976 
   01580    0.4200   -1381.0400  0.8843 
   01581    0.4600   -1399.7518  0.8879 
   01582    0.4325   -1406.0541  0.8915 
   01583    0.4075   -1407.7242  0.8908 
   01584    0.3975   -1379.3110  0.8917 
   01585    0.4150   -1384.6819  0.8958 
   01586    0.4050   -1403.9856  0.8941 
   01587    0.4025   -1385.6853  0.8833 
   01588    0.3850   -1401.6625  0.8915 
   01589    0.4200   -1401.0073  0.8845 
   01590    0.4000   -1398.7007  0.8865 
   01591    0.3875   -1391.5309  0.8802 
   01592    0.4225   -1396.6727  0.8751 
   01593    0.4575   -1391.2938  0.8582 
   01594    0.4150   -1389.7856  0.8643 
   01595    0.4425   -1385.7142  0.8660 
   01596    0.4025   -1378.4990  0.8535 
   01597    0.3975   -1374.0284  0.8561 
   01598    0.3900   -1374.8835  0.8592 
   01599    0.3950   -1382.5396  0.8610 
   01600    0.3900   -1382.7844  0.8620 
   01601    0.4400   -1378.9987  0.8549 
   01602    0.4300   -1386.8706  0.8554 
   01603    0.4125   -1375.9060  0.8584 
   01604    0.4450   -1374.4519  0.8605 
   01605    0.4150   -1376.6561  0.8572 
   01606    0.3900   -1367.5778  0.8569 
   01607    0.4425   -1362.9336  0.8559 
   01608    0.4300   -1363.5288  0.8547 
   01609    0.4300   -1360.7084  0.8449 
   01610    0.4150   -1374.0237  0.8479 
   01611    0.4050   -1378.6830  0.8534 
   01612    0.4100   -1385.8157  0.8539 
   01613    0.4100   -1371.6931  0.8517 
   01614    0.4025   -1375.5056  0.8560 
   01615    0.3950   -1374.7998  0.8630 
   01616    0.4075   -1372.0388  0.8627 
   01617    0.4625   -1362.0236  0.8494 
   01618    0.4100   -1372.2462  0.8522 
   01619    0.4125   -1376.1722  0.8525 
   01620    0.4225   -1360.0834  0.8440 
   01621    0.4300   -1348.5648  0.8363 
   01622    0.3925   -1350.3485  0.8354 
   01623    0.4000   -1354.2839  0.8460 
   01624    0.3875   -1378.7129  0.8620 
   01625    0.4025   -1361.7039  0.8674 
   01626    0.4275   -1343.3831  0.8603 
   01627    0.3975   -1340.7643  0.8502 
   01628    0.4300   -1330.6403  0.8460 
   01629    0.3925   -1328.6381  0.8438 
   01630    0.4200   -1341.2101  0.8477 
   01631    0.4250   -1360.0874  0.8475 
   01632    0.4275   -1362.3687  0.8504 
   01633    0.4375   -1362.6925  0.8422 
   01634    0.4300   -1377.0154  0.8430 
   01635    0.4375   -1369.5371  0.8458 
   01636    0.4075   -1394.6536  0.8476 
   01637    0.3850   -1372.9796  0.8355 
   01638    0.4575   -1373.0358  0.8298 
   01639    0.4100   -1377.8892  0.8342 
   01640    0.3450   -1366.9929  0.8332 
   01641    0.4250   -1363.2151  0.8320 
   01642    0.4100   -1383.6821  0.8367 
   01643    0.4175   -1386.2063  0.8188 
   01644    0.4025   -1377.1958  0.8284 
   01645    0.4300   -1369.9821  0.8243 
   01646    0.4550   -1380.8730  0.8212 
   01647    0.3975   -1361.2577  0.8103 
   01648    0.3900   -1348.2124  0.8097 
   01649    0.3925   -1347.8486  0.8031 
   01650    0.4025   -1343.2704  0.7977 
   01651    0.4125   -1338.5577  0.7994 
   01652    0.3875   -1341.3040  0.7954 
   01653    0.4100   -1350.5577  0.7849 
   01654    0.4025   -1363.1187  0.7862 
   01655    0.3925   -1354.7295  0.7892 
   01656    0.4250   -1355.9622  0.7987 
   01657    0.4375   -1364.7036  0.7969 
   01658    0.4150   -1357.8143  0.7914 
   01659    0.4200   -1361.8551  0.7941 
   01660    0.4025   -1375.4574  0.7945 
   01661    0.4025   -1362.1682  0.7837 
   01662    0.4125   -1356.2886  0.7868 
   01663    0.4175   -1354.1885  0.7854 
   01664    0.4400   -1352.3633  0.7954 
   01665    0.4300   -1348.0989  0.7989 
   01666    0.4450   -1350.7510  0.8081 
   01667    0.3975   -1347.5923  0.8065 
   01668    0.4675   -1334.2260  0.7988 
   01669    0.4225   -1352.2380  0.7976 
   01670    0.4250   -1346.3922  0.7870 
   01671    0.4275   -1353.7147  0.7827 
   01672    0.4125   -1366.2874  0.7921 
   01673    0.4125   -1379.9816  0.7882 
   01674    0.4275   -1380.6815  0.7886 
   01675    0.4025   -1359.3770  0.7921 
   01676    0.4350   -1344.6090  0.7952 
   01677    0.3725   -1366.4351  0.7962 
   01678    0.3975   -1366.1942  0.7869 
   01679    0.3650   -1367.0096  0.7703 
   01680    0.4200   -1380.2509  0.7829 
   01681    0.3825   -1375.9364  0.7846 
   01682    0.4150   -1375.9529  0.7724 
   01683    0.4150   -1373.2572  0.7738 
   01684    0.3975   -1377.0857  0.7672 
   01685    0.4000   -1368.2456  0.7700 
   01686    0.4050   -1355.5786  0.7488 
   01687    0.4025   -1368.3105  0.7506 
   01688    0.3775   -1380.2081  0.7597 
   01689    0.4550   -1395.4404  0.7689 
   01690    0.4125   -1386.2671  0.7696 
   01691    0.4075   -1369.8566  0.7606 
   01692    0.4225   -1375.0288  0.7541 
   01693    0.3875   -1385.2598  0.7577 
   01694    0.3925   -1377.0798  0.7573 
   01695    0.4125   -1362.2792  0.7459 
   01696    0.4150   -1370.5652  0.7393 
   01697    0.3850   -1379.8600  0.7458 
   01698    0.3875   -1369.5083  0.7233 
   01699    0.4325   -1373.3424  0.7262 
   01700    0.3900   -1367.6923  0.7255 
   01701    0.4450   -1368.5073  0.7420 
   01702    0.4200   -1360.2056  0.7447 
   01703    0.4050   -1349.2844  0.7539 
   01704    0.4225   -1344.2426  0.7372 
   01705    0.3975   -1352.3374  0.7344 
   01706    0.4275   -1363.3210  0.7405 
   01707    0.3650   -1362.9124  0.7482 
   01708    0.3825   -1368.6350  0.7528 
   01709    0.3950   -1356.7791  0.7550 
   01710    0.4125   -1374.4722  0.7546 
   01711    0.4425   -1378.4873  0.7795 
   01712    0.4400   -1392.3776  0.7848 
   01713    0.4175   -1380.3533  0.7846 
   01714    0.4000   -1388.5120  0.7878 
   01715    0.3750   -1378.5967  0.7810 
   01716    0.4275   -1374.4803  0.7774 
   01717    0.3950   -1364.5869  0.7854 
   01718    0.4125   -1361.9110  0.7880 
   01719    0.3950   -1371.6117  0.7921 
   01720    0.4350   -1373.0996  0.7864 
   01721    0.3725   -1365.3854  0.7808 
   01722    0.4150   -1358.4727  0.7848 
   01723    0.3900   -1366.7950  0.7847 
   01724    0.3925   -1358.9224  0.7751 
   01725    0.4600   -1341.1753  0.7860 
   01726    0.4200   -1368.9409  0.7909 
   01727    0.3925   -1375.4950  0.7818 
   01728    0.4400   -1372.9617  0.7942 
   01729    0.4250   -1367.1543  0.7976 
   01730    0.4150   -1378.2430  0.7984 
   01731    0.4275   -1391.9535  0.7990 
   01732    0.4225   -1392.2352  0.7980 
   01733    0.4525   -1375.2572  0.7797 
   01734    0.3825   -1376.6663  0.7750 
   01735    0.4250   -1370.8046  0.7763 
   01736    0.3800   -1375.7322  0.7783 
   01737    0.4000   -1385.5493  0.7867 
   01738    0.4125   -1379.2167  0.8004 
   01739    0.4400   -1390.0106  0.8062 
   01740    0.4500   -1389.0299  0.7999 
   01741    0.3850   -1364.7926  0.7908 
   01742    0.4350   -1361.0111  0.7975 
   01743    0.3650   -1362.3143  0.8031 
   01744    0.4550   -1356.5311  0.8043 
   01745    0.4375   -1350.6570  0.8051 
   01746    0.4200   -1327.2986  0.7939 
   01747    0.3650   -1338.0007  0.7912 
   01748    0.4425   -1353.7051  0.7941 
   01749    0.3950   -1349.8052  0.7930 
   01750    0.3725   -1340.0476  0.7812 
   01751    0.4250   -1348.4662  0.7946 
   01752    0.3875   -1355.3833  0.7983 
   01753    0.4250   -1348.1262  0.7989 
   01754    0.4350   -1367.0917  0.7966 
   01755    0.3700   -1357.0446  0.7963 
   01756    0.4000   -1350.5879  0.7923 
   01757    0.4325   -1345.6689  0.7859 
   01758    0.4025   -1355.7684  0.7832 
   01759    0.3925   -1353.7809  0.7872 
   01760    0.3850   -1356.3948  0.7787 
   01761    0.4150   -1350.3062  0.7881 
   01762    0.4050   -1356.8337  0.7949 
   01763    0.4150   -1350.7367  0.7826 
   01764    0.3800   -1357.5331  0.7923 
   01765    0.3650   -1368.6045  0.7867 
   01766    0.3925   -1369.6060  0.8033 
   01767    0.4075   -1377.0061  0.8079 
   01768    0.3850   -1387.7404  0.8111 
   01769    0.4150   -1387.8511  0.8186 
   01770    0.4000   -1395.3271  0.8161 
   01771    0.4400   -1397.7888  0.8094 
   01772    0.4425   -1378.3872  0.8005 
   01773    0.3625   -1375.6483  0.8016 
   01774    0.3850   -1364.6388  0.7938 
   01775    0.4000   -1371.7491  0.7942 
   01776    0.4000   -1374.4310  0.8007 
   01777    0.4150   -1371.1975  0.7975 
   01778    0.4050   -1373.6614  0.8013 
   01779    0.3850   -1379.1816  0.8024 
   01780    0.3850   -1396.5659  0.8159 
   01781    0.4225   -1402.7172  0.8102 
   01782    0.3700   -1383.0763  0.8082 
   01783    0.3900   -1392.2035  0.8185 
   01784    0.4125   -1370.1615  0.8033 
   01785    0.4200   -1369.2178  0.8027 
   01786    0.3875   -1371.5884  0.8030 
   01787    0.4000   -1376.9740  0.8096 
   01788    0.3950   -1366.5787  0.8182 
   01789    0.3875   -1372.9581  0.8298 
   01790    0.4250   -1362.3425  0.8149 
   01791    0.3850   -1373.9702  0.8146 
   01792    0.4075   -1375.1875  0.8128 
   01793    0.4075   -1376.8549  0.8156 
   01794    0.4375   -1378.4917  0.8166 
   01795    0.3550   -1389.6388  0.8296 
   01796    0.4175   -1379.7689  0.8237 
   01797    0.4075   -1379.2509  0.8241 
   01798    0.4125   -1379.4447  0.8269 
   01799    0.4175   -1361.3993  0.8290 
   01800    0.3800   -1361.0095  0.8390 
   01801    0.3975   -1363.0476  0.8432 
   01802    0.3850   -1365.2700  0.8402 
   01803    0.3925   -1368.7141  0.8386 
   01804    0.4050   -1367.0883  0.8357 
   01805    0.4100   -1374.4827  0.8526 
   01806    0.4375   -1362.3153  0.8422 
   01807    0.4225   -1356.8633  0.8351 
   01808    0.4250   -1383.3226  0.8415 
   01809    0.4500   -1385.6891  0.8430 
   01810    0.3700   -1398.8700  0.8552 
   01811    0.4200   -1406.8184  0.8547 
   01812    0.4100   -1384.6826  0.8474 
   01813    0.4000   -1380.3940  0.8519 
   01814    0.4000   -1383.2354  0.8573 
   01815    0.4275   -1384.7990  0.8546 
   01816    0.3300   -1376.4427  0.8456 
   01817    0.4000   -1376.4141  0.8442 
   01818    0.3800   -1380.5948  0.8563 
   01819    0.4000   -1383.7579  0.8527 
   01820    0.4125   -1373.7786  0.8516 
   01821    0.3800   -1376.2312  0.8573 
   01822    0.3825   -1362.8035  0.8532 
   01823    0.4300   -1353.0363  0.8532 
   01824    0.4250   -1364.5834  0.8658 
   01825    0.4125   -1374.5072  0.8680 
   01826    0.4275   -1376.6115  0.8706 
   01827    0.4300   -1363.6168  0.8602 
   01828    0.4050   -1366.5253  0.8586 
   01829    0.4400   -1369.2172  0.8553 
   01830    0.4700   -1370.5563  0.8481 
   01831    0.3925   -1376.5399  0.8590 
   01832    0.4025   -1367.8174  0.8602 
   01833    0.3775   -1357.7184  0.8605 
   01834    0.4150   -1365.5376  0.8619 
   01835    0.4400   -1360.8442  0.8640 
   01836    0.4550   -1363.0304  0.8632 
   01837    0.4025   -1352.0374  0.8628 
   01838    0.3875   -1370.0361  0.8638 
   01839    0.4000   -1363.6725  0.8622 
   01840    0.4325   -1380.8483  0.8654 
   01841    0.4475   -1373.2592  0.8575 
   01842    0.3975   -1369.4990  0.8672 
   01843    0.3950   -1362.5623  0.8635 
   01844    0.4500   -1353.1882  0.8550 
   01845    0.4525   -1346.6802  0.8525 
   01846    0.4200   -1339.8369  0.8549 
   01847    0.4025   -1379.8254  0.8639 
   01848    0.3825   -1380.8911  0.8670 
   01849    0.3800   -1369.6667  0.8708 
   01850    0.4400   -1377.6484  0.8695 
   01851    0.4050   -1395.4695  0.8773 
   01852    0.3600   -1390.3628  0.8821 
   01853    0.4150   -1389.4619  0.8800 
   01854    0.3875   -1397.4403  0.8747 
   01855    0.3650   -1387.1980  0.8675 
   01856    0.4350   -1386.5339  0.8615 
   01857    0.3800   -1367.9460  0.8533 
   01858    0.3600   -1363.9768  0.8484 
   01859    0.3975   -1359.5873  0.8507 
   01860    0.3975   -1379.3837  0.8508 
   01861    0.4100   -1362.8301  0.8472 
   01862    0.4275   -1367.3499  0.8430 
   01863    0.4475   -1363.6084  0.8378 
   01864    0.4375   -1368.7533  0.8395 
   01865    0.3925   -1367.9482  0.8452 
   01866    0.4150   -1384.7516  0.8607 
   01867    0.4325   -1383.7209  0.8494 
   01868    0.4100   -1392.1412  0.8550 
   01869    0.3650   -1399.4004  0.8526 
   01870    0.4100   -1387.4869  0.8490 
   01871    0.4475   -1379.7538  0.8496 
   01872    0.3800   -1382.0566  0.8501 
   01873    0.4250   -1390.6022  0.8522 
   01874    0.4125   -1374.7930  0.8474 
   01875    0.3950   -1366.6202  0.8445 
   01876    0.3800   -1372.4568  0.8483 
   01877    0.4150   -1363.1453  0.8462 
   01878    0.3925   -1377.6543  0.8385 
   01879    0.4475   -1366.6802  0.8408 
   01880    0.3750   -1373.6056  0.8404 
   01881    0.3925   -1359.2904  0.8469 
   01882    0.4275   -1367.9633  0.8496 
   01883    0.4000   -1363.7892  0.8442 
   01884    0.4275   -1352.2758  0.8358 
   01885    0.3925   -1349.3856  0.8369 
   01886    0.4400   -1375.8033  0.8465 
   01887    0.3800   -1368.5231  0.8484 
   01888    0.3975   -1373.3293  0.8528 
   01889    0.3975   -1385.4568  0.8589 
   01890    0.3975   -1386.8920  0.8491 
   01891    0.4350   -1387.7961  0.8472 
   01892    0.4275   -1384.9325  0.8437 
   01893    0.4050   -1364.2114  0.8290 
   01894    0.3800   -1362.1614  0.8226 
   01895    0.4200   -1369.3956  0.8227 
   01896    0.4225   -1371.4200  0.8286 
   01897    0.4100   -1369.0751  0.8241 
   01898    0.3925   -1359.6851  0.8221 
   01899    0.4350   -1370.0377  0.8129 
   01900    0.4050   -1379.0105  0.8206 
   01901    0.4000   -1381.7272  0.8199 
   01902    0.4200   -1355.0994  0.8123 
   01903    0.4000   -1340.5829  0.8148 
   01904    0.4050   -1376.6240  0.8229 
   01905    0.3950   -1367.4464  0.8169 
   01906    0.4375   -1356.7162  0.8252 
   01907    0.4375   -1347.0170  0.8337 
   01908    0.4225   -1363.2151  0.8537 
   01909    0.4075   -1376.8838  0.8539 
   01910    0.3650   -1372.3782  0.8611 
   01911    0.4050   -1355.4062  0.8551 
   01912    0.4125   -1379.8849  0.8589 
   01913    0.3775   -1382.3301  0.8543 
   01914    0.3975   -1386.0712  0.8598 
   01915    0.3700   -1397.4578  0.8563 
   01916    0.3700   -1390.1991  0.8487 
   01917    0.4500   -1400.9670  0.8529 
   01918    0.4350   -1401.9774  0.8513 
   01919    0.3925   -1397.5272  0.8499 
   01920    0.3950   -1387.1774  0.8490 
   01921    0.3900   -1393.2950  0.8525 
   01922    0.4200   -1392.6460  0.8498 
   01923    0.4375   -1388.1040  0.8493 
   01924    0.3975   -1373.6251  0.8401 
   01925    0.4150   -1367.3102  0.8454 
   01926    0.4350   -1374.9591  0.8551 
   01927    0.4125   -1370.6635  0.8597 
   01928    0.4050   -1367.3350  0.8567 
   01929    0.3925   -1371.4279  0.8634 
   01930    0.3625   -1384.1948  0.8675 
   01931    0.4125   -1389.3551  0.8689 
   01932    0.3775   -1374.3859  0.8667 
   01933    0.4125   -1375.3665  0.8693 
   01934    0.3950   -1399.2567  0.8715 
   01935    0.4025   -1370.3373  0.8623 
   01936    0.4075   -1375.6212  0.8682 
   01937    0.4100   -1374.6046  0.8671 
   01938    0.3975   -1373.1390  0.8748 
   01939    0.4350   -1391.6343  0.8803 
   01940    0.3850   -1390.2397  0.8760 
   01941    0.3725   -1386.2070  0.8692 
   01942    0.4200   -1372.3673  0.8621 
   01943    0.4650   -1361.2369  0.8603 
   01944    0.4275   -1357.4109  0.8578 
   01945    0.3875   -1383.9648  0.8642 
   01946    0.3925   -1368.7711  0.8607 
   01947    0.4475   -1354.7397  0.8602 
   01948    0.3825   -1350.0294  0.8619 
   01949    0.3800   -1365.7417  0.8596 
   01950    0.4075   -1367.0326  0.8661 
   01951    0.3700   -1380.0474  0.8706 
   01952    0.4150   -1374.5205  0.8777 
   01953    0.4125   -1361.3594  0.8748 
   01954    0.3875   -1357.0212  0.8735 
   01955    0.3675   -1375.4042  0.8854 
   01956    0.4625   -1367.1710  0.8768 
   01957    0.4250   -1351.7384  0.8740 
   01958    0.3975   -1365.1018  0.8772 
   01959    0.4150   -1366.5044  0.8766 
   01960    0.4475   -1370.7162  0.8789 
   01961    0.4025   -1368.9700  0.8781 
   01962    0.4100   -1371.1277  0.8709 
   01963    0.4200   -1371.8450  0.8678 
   01964    0.3950   -1352.6141  0.8532 
   01965    0.4250   -1351.5966  0.8494 
   01966    0.4275   -1363.7103  0.8548 
   01967    0.3450   -1370.8173  0.8585 
   01968    0.4125   -1379.9547  0.8584 
   01969    0.3925   -1355.0947  0.8450 
   01970    0.4000   -1363.5502  0.8507 
   01971    0.4325   -1367.5005  0.8560 
   01972    0.3875   -1371.2151  0.8518 
   01973    0.4100   -1360.6205  0.8510 
   01974    0.4275   -1373.2699  0.8542 
   01975    0.3950   -1370.6696  0.8554 
   01976    0.4450   -1382.2595  0.8560 
   01977    0.4050   -1367.1045  0.8380 
   01978    0.4050   -1374.7937  0.8432 
   01979    0.4125   -1378.0403  0.8515 
   01980    0.3925   -1384.1687  0.8594 
   01981    0.3925   -1383.8473  0.8570 
   01982    0.4050   -1385.0856  0.8475 
   01983    0.4025   -1380.2322  0.8440 
   01984    0.4000   -1387.0140  0.8422 
   01985    0.3950   -1379.1841  0.8397 
   01986    0.4000   -1360.8862  0.8448 
   01987    0.4000   -1373.1942  0.8536 
   01988    0.3875   -1379.8046  0.8558 
   01989    0.3900   -1368.4778  0.8539 
   01990    0.3700   -1380.4117  0.8622 
   01991    0.4375   -1367.0070  0.8629 
   01992    0.3875   -1389.4221  0.8757 
   01993    0.3600   -1380.2986  0.8783 
   01994    0.3975   -1395.5518  0.8879 
   01995    0.4350   -1368.3762  0.8669 
   01996    0.3800   -1367.1780  0.8657 
   01997    0.3700   -1359.1259  0.8633 
   01998    0.4075   -1362.4910  0.8718 
   01999    0.4625   -1373.8336  0.8789 
   02000    0.4200   -1381.3683  0.8820 
