#=====================================================
# File created:        Sun-22-Feb-2026-at-06-01-38PM
# Size of lattice:     20x20
# Number of MC steps:  1000
# Reduced temperature: 0.500
# Run time (s):        0.526454
#=====================================================
# MC step:  Ratio:     Energy:   Order:
#=====================================================
   00000    0.5000    -361.9490  0.2604 
   00001    0.6775    -582.2085  0.2928 
   00002    0.6450    -685.4933  0.2824 
   00003    0.6125    -759.9791  0.2844 
   00004    0.5975    -832.5800  0.2800 
   00005    0.5150    -898.7641  0.2751 
   00006    0.4700    -957.1985  0.2844 
   00007    0.4450   -1006.4775  0.2962 
   00008    0.5225   -1026.8638  0.3052 
   00009    0.5325   -1048.9542  0.3135 
   00010    0.5775   -1096.5764  0.3150 
   00011    0.4425   -1121.3333  0.3292 
   00012    0.4875   -1110.7173  0.3400 
   00013    0.4875   -1143.2734  0.3787 
   00014    0.4425   -1161.3943  0.3864 
   00015    0.4425   -1160.5769  0.3751 
   00016    0.4725   -1166.4708  0.3717 
   00017    0.4750   -1188.8267  0.3738 
   00018    0.4525   -1218.0801  0.3903 
   00019    0.4700   -1210.9929  0.4024 
   00020    0.4675   -1198.7047  0.3985 
   00021    0.5200   -1209.3662  0.4014 
   00022    0.4700   -1223.0013  0.4126 
   00023    0.4275   -1221.1471  0.4217 
   00024    0.4375   -1243.9706  0.4286 
   00025    0.4600   -1257.7540  0.4345 
   00026    0.4350   -1272.1577  0.4392 
   00027    0.4625   -1251.9434  0.4482 
   00028    0.4125   -1271.8046  0.4562 
   00029    0.4125   -1277.2473  0.4676 
   00030    0.4475   -1272.7759  0.4620 
   00031    0.4500   -1281.7390  0.4664 
   00032    0.4575   -1292.8085  0.4689 
   00033    0.3875   -1273.8640  0.4628 
   00034    0.4000   -1289.7688  0.4612 
   00035    0.4275   -1271.8948  0.4682 
   00036    0.4125   -1272.2072  0.4698 
   00037    0.4175   -1286.9514  0.4753 
   00038    0.4325   -1288.3019  0.4862 
   00039    0.4025   -1299.9500  0.5011 
   00040    0.4325   -1298.7200  0.5031 
   00041    0.3550   -1301.6788  0.4931 
   00042    0.4325   -1310.6794  0.4909 
   00043    0.4300   -1303.0745  0.4935 
   00044    0.4300   -1299.0320  0.5077 
   00045    0.4475   -1295.1213  0.4858 
   00046    0.4400   -1300.6331  0.4986 
   00047    0.4550   -1301.0164  0.4915 
   00048    0.4200   -1300.6929  0.4995 
   00049    0.4175   -1303.4125  0.4874 
   00050    0.4000   -1302.3931  0.4794 
   00051    0.4375   -1307.0776  0.4699 
   00052    0.4350   -1313.2069  0.4613 
   00053    0.4125   -1316.4043  0.4678 
   00054    0.4200   -1310.0059  0.4604 
   00055    0.4375   -1290.9834  0.4455 
   00056    0.4575   -1283.8085  0.4379 
   00057    0.3950   -1304.4109  0.4396 
   00058    0.4175   -1309.7712  0.4548 
   00059    0.4250   -1288.8141  0.4702 
   00060    0.3800   -1302.7001  0.4842 
   00061    0.4300   -1294.3329  0.4825 
   00062    0.3875   -1287.5216  0.4813 
   00063    0.4275   -1284.7032  0.4750 
   00064    0.4350   -1276.9810  0.4801 
   00065    0.4100   -1269.4739  0.4852 
   00066    0.4550   -1270.3942  0.4933 
   00067    0.4250   -1293.0193  0.5145 
   00068    0.4400   -1296.7996  0.5172 
   00069    0.4275   -1280.0929  0.5280 
   00070    0.4000   -1290.7394  0.5414 
   00071    0.3975   -1292.7614  0.5399 
   00072    0.4050   -1303.6720  0.5414 
   00073    0.3525   -1313.0554  0.5454 
   00074    0.4325   -1307.0157  0.5502 
   00075    0.3825   -1304.1926  0.5535 
   00076    0.4350   -1307.2738  0.5595 
   00077    0.3800   -1303.4178  0.5621 
   00078    0.3925   -1298.9646  0.5673 
   00079    0.4400   -1314.4628  0.5682 
   00080    0.4175   -1331.1208  0.5688 
   00081    0.4275   -1317.8906  0.5500 
   00082    0.4400   -1320.6353  0.5624 
   00083    0.4350   -1309.9785  0.5537 
   00084    0.4675   -1301.8267  0.5458 
   00085    0.4575   -1312.5778  0.5472 
   00086    0.3925   -1311.8245  0.5505 
   00087    0.4050   -1320.8470  0.5609 
   00088    0.3700   -1321.1750  0.5656 
   00089    0.4150   -1317.7963  0.5836 
   00090    0.4200   -1320.6731  0.5826 
   00091    0.4325   -1293.6442  0.5759 
   00092    0.4275   -1314.6893  0.5796 
   00093    0.4325   -1330.1432  0.5814 
   00094    0.4025   -1332.8927  0.5766 
   00095    0.3975   -1334.4923  0.5805 
   00096    0.4425   -1338.3108  0.5880 
   00097    0.4325   -1371.7721  0.5950 
   00098    0.4250   -1376.8831  0.5880 
   00099    0.4175   -1375.5172  0.6008 
   00100    0.4325   -1374.2239  0.5914 
   00101    0.4100   -1359.6581  0.5897 
   00102    0.3875   -1338.1948  0.5886 
   00103    0.4075   -1341.6182  0.5942 
   00104    0.4275   -1352.4272  0.5888 
   00105    0.4325   -1347.1346  0.5971 
   00106    0.4075   -1342.8479  0.5818 
   00107    0.4150   -1353.4095  0.5825 
   00108    0.4325   -1359.2556  0.5843 
   00109    0.4600   -1361.6869  0.5911 
   00110    0.4350   -1348.0037  0.5904 
   00111    0.4250   -1333.0731  0.5882 
   00112    0.3775   -1337.0133  0.5948 
   00113    0.4350   -1339.3325  0.6106 
   00114    0.4125   -1339.2991  0.6018 
   00115    0.4250   -1357.2179  0.6090 
   00116    0.3875   -1363.7185  0.6089 
   00117    0.3700   -1360.2308  0.6139 
   00118    0.3900   -1350.7278  0.6119 
   00119    0.4150   -1361.3423  0.6217 
   00120    0.3800   -1364.3497  0.6310 
   00121    0.3950   -1372.7334  0.6228 
   00122    0.3925   -1340.1736  0.6164 
   00123    0.3925   -1338.9862  0.6256 
   00124    0.4175   -1351.0161  0.6249 
   00125    0.4225   -1352.2272  0.6349 
   00126    0.4375   -1350.6626  0.6359 
   00127    0.4800   -1352.5214  0.6325 
   00128    0.4250   -1332.5592  0.6330 
   00129    0.4025   -1350.6350  0.6355 
   00130    0.4050   -1343.8636  0.6260 
   00131    0.4175   -1335.1577  0.6249 
   00132    0.4100   -1315.6555  0.6344 
   00133    0.4275   -1317.1597  0.6457 
   00134    0.4175   -1324.4160  0.6468 
   00135    0.3825   -1330.2311  0.6435 
   00136    0.4150   -1337.6322  0.6410 
   00137    0.4225   -1315.3474  0.6331 
   00138    0.4375   -1312.7914  0.6261 
   00139    0.4225   -1310.7682  0.6308 
   00140    0.4350   -1318.1820  0.6284 
   00141    0.4325   -1330.1071  0.6200 
   00142    0.4425   -1342.9761  0.6183 
   00143    0.4100   -1342.0614  0.6204 
   00144    0.3900   -1349.3741  0.6405 
   00145    0.4100   -1361.5631  0.6499 
   00146    0.4075   -1344.2917  0.6464 
   00147    0.4250   -1338.0776  0.6518 
   00148    0.4600   -1344.1932  0.6542 
   00149    0.4050   -1342.9252  0.6477 
   00150    0.4400   -1335.5015  0.6492 
   00151    0.4125   -1333.5991  0.6393 
   00152    0.4125   -1352.5729  0.6395 
   00153    0.4075   -1344.2834  0.6479 
   00154    0.3975   -1330.6296  0.6424 
   00155    0.4400   -1310.8269  0.6348 
   00156    0.4225   -1314.3956  0.6355 
   00157    0.4200   -1312.9421  0.6234 
   00158    0.3950   -1303.4548  0.6036 
   00159    0.4325   -1308.1390  0.5909 
   00160    0.4250   -1297.6871  0.5841 
   00161    0.4250   -1298.8494  0.5822 
   00162    0.4375   -1304.3354  0.5813 
   00163    0.4225   -1309.9941  0.5806 
   00164    0.4075   -1304.0552  0.5959 
   00165    0.4275   -1309.6260  0.6071 
   00166    0.3875   -1325.3823  0.6122 
   00167    0.4250   -1323.9730  0.6139 
   00168    0.4175   -1311.4021  0.6010 
   00169    0.4075   -1326.0048  0.6089 
   00170    0.4350   -1332.6121  0.6146 
   00171    0.4025   -1328.1807  0.6073 
   00172    0.3975   -1342.3224  0.6106 
   00173    0.4000   -1341.8480  0.6316 
   00174    0.3875   -1342.6484  0.6486 
   00175    0.4325   -1321.8380  0.6548 
   00176    0.5025   -1301.9160  0.6399 
   00177    0.4200   -1304.0038  0.6324 
   00178    0.3600   -1298.3879  0.6297 
   00179    0.4375   -1300.4899  0.6268 
   00180    0.4325   -1305.8733  0.6286 
   00181    0.4225   -1327.6777  0.6479 
   00182    0.3600   -1327.0022  0.6438 
   00183    0.3825   -1337.1526  0.6406 
   00184    0.4500   -1316.5483  0.6262 
   00185    0.3925   -1343.6255  0.6399 
   00186    0.4725   -1325.6473  0.6400 
   00187    0.4250   -1329.5292  0.6511 
   00188    0.4250   -1332.9963  0.6566 
   00189    0.4600   -1337.0348  0.6636 
   00190    0.3750   -1343.3818  0.6764 
   00191    0.4400   -1356.9615  0.6889 
   00192    0.4350   -1347.3246  0.6792 
   00193    0.4150   -1331.4971  0.6712 
   00194    0.4200   -1336.3358  0.6798 
   00195    0.4050   -1344.2577  0.6780 
   00196    0.4200   -1339.7012  0.6835 
   00197    0.4125   -1338.1769  0.6893 
   00198    0.4425   -1329.4634  0.6949 
   00199    0.4075   -1320.5635  0.6916 
   00200    0.3925   -1332.6503  0.6873 
   00201    0.4300   -1335.5095  0.6780 
   00202    0.4025   -1327.3461  0.6723 
   00203    0.3900   -1340.5431  0.6655 
   00204    0.3850   -1335.2061  0.6619 
   00205    0.4275   -1321.9143  0.6535 
   00206    0.4100   -1327.6406  0.6632 
   00207    0.3875   -1347.3627  0.6697 
   00208    0.4100   -1355.7488  0.6635 
   00209    0.3875   -1371.9124  0.6807 
   00210    0.4200   -1371.2661  0.6880 
   00211    0.3950   -1350.9015  0.6865 
   00212    0.4200   -1359.2616  0.6798 
   00213    0.4925   -1321.8798  0.6694 
   00214    0.4225   -1327.4556  0.6773 
   00215    0.4700   -1320.7709  0.6502 
   00216    0.3775   -1317.7175  0.6576 
   00217    0.3700   -1311.1659  0.6692 
   00218    0.4075   -1306.4352  0.6600 
   00219    0.4100   -1290.4492  0.6538 
   00220    0.4325   -1290.4165  0.6593 
   00221    0.4325   -1319.1213  0.6729 
   00222    0.3850   -1335.8591  0.6778 
   00223    0.4150   -1337.4808  0.6860 
   00224    0.4200   -1348.5822  0.7031 
   00225    0.4025   -1361.9923  0.7105 
   00226    0.4575   -1342.2028  0.6998 
   00227    0.4350   -1348.7224  0.7024 
   00228    0.4150   -1341.6423  0.7020 
   00229    0.4325   -1355.5356  0.7032 
   00230    0.4500   -1352.9268  0.7049 
   00231    0.4575   -1348.2950  0.7058 
   00232    0.4600   -1368.3107  0.7064 
   00233    0.4425   -1372.6926  0.7126 
   00234    0.4425   -1373.0077  0.7132 
   00235    0.3725   -1365.4000  0.7164 
   00236    0.3925   -1363.9055  0.7182 
   00237    0.3850   -1364.8467  0.7193 
   00238    0.4175   -1355.1243  0.7164 
   00239    0.4200   -1357.9790  0.7175 
   00240    0.4025   -1336.3787  0.7023 
   00241    0.4300   -1352.3413  0.7073 
   00242    0.3950   -1365.4597  0.7065 
   00243    0.4200   -1351.4620  0.6940 
   00244    0.3625   -1354.5967  0.6822 
   00245    0.3625   -1361.5841  0.6845 
   00246    0.3650   -1357.3066  0.6727 
   00247    0.4200   -1353.3274  0.6835 
   00248    0.3925   -1360.0551  0.6691 
   00249    0.4100   -1365.0591  0.6775 
   00250    0.4025   -1368.1042  0.6762 
   00251    0.3975   -1351.3739  0.6772 
   00252    0.3750   -1355.8832  0.6869 
   00253    0.4000   -1333.2205  0.6773 
   00254    0.4100   -1352.4799  0.6732 
   00255    0.4500   -1370.0861  0.6614 
   00256    0.4625   -1375.6040  0.6680 
   00257    0.4100   -1358.6160  0.6658 
   00258    0.4350   -1347.4897  0.6555 
   00259    0.4725   -1349.6437  0.6312 
   00260    0.4300   -1345.7828  0.6327 
   00261    0.4300   -1342.6129  0.6395 
   00262    0.4350   -1327.5831  0.6481 
   00263    0.3900   -1295.5176  0.6310 
   00264    0.4750   -1296.2701  0.6298 
   00265    0.4650   -1308.1166  0.6247 
   00266    0.4650   -1303.8713  0.6385 
   00267    0.4200   -1321.5701  0.6408 
   00268    0.3575   -1322.1007  0.6373 
   00269    0.4050   -1332.7654  0.6524 
   00270    0.3950   -1324.7748  0.6634 
   00271    0.4425   -1321.2212  0.6665 
   00272    0.4375   -1340.9474  0.6730 
   00273    0.4100   -1325.1788  0.6655 
   00274    0.3875   -1345.8821  0.6786 
   00275    0.3525   -1345.7957  0.6799 
   00276    0.3950   -1333.5521  0.6781 
   00277    0.4475   -1331.3353  0.6627 
   00278    0.4200   -1331.3253  0.6621 
   00279    0.4400   -1322.6097  0.6683 
   00280    0.4425   -1334.7509  0.6790 
   00281    0.4275   -1344.8477  0.6797 
   00282    0.3950   -1335.2501  0.6687 
   00283    0.4350   -1341.6908  0.6800 
   00284    0.4425   -1351.0387  0.6767 
   00285    0.3675   -1344.5287  0.6814 
   00286    0.3925   -1333.4764  0.6751 
   00287    0.4100   -1335.9159  0.6714 
   00288    0.3975   -1350.1696  0.6684 
   00289    0.4175   -1351.4165  0.6658 
   00290    0.4000   -1352.9133  0.6727 
   00291    0.4075   -1372.6194  0.6751 
   00292    0.3925   -1374.9342  0.6875 
   00293    0.4350   -1359.5809  0.6812 
   00294    0.3975   -1343.1555  0.6716 
   00295    0.4100   -1325.5864  0.6551 
   00296    0.3950   -1311.3456  0.6408 
   00297    0.4475   -1320.2941  0.6450 
   00298    0.4275   -1326.5421  0.6456 
   00299    0.4450   -1309.9468  0.6391 
   00300    0.4275   -1314.9366  0.6289 
   00301    0.4225   -1309.3433  0.6217 
   00302    0.4275   -1321.4541  0.6347 
   00303    0.4350   -1327.2170  0.6404 
   00304    0.4250   -1325.5182  0.6498 
   00305    0.4450   -1329.5294  0.6582 
   00306    0.4350   -1334.8745  0.6515 
   00307    0.4300   -1335.3029  0.6498 
   00308    0.4400   -1323.6190  0.6482 
   00309    0.4400   -1332.1189  0.6422 
   00310    0.3950   -1337.2150  0.6391 
   00311    0.3675   -1349.0402  0.6448 
   00312    0.4250   -1340.8848  0.6373 
   00313    0.4400   -1330.7352  0.6472 
   00314    0.4400   -1319.4935  0.6470 
   00315    0.3825   -1333.0786  0.6426 
   00316    0.4200   -1324.2628  0.6322 
   00317    0.4050   -1321.5002  0.6295 
   00318    0.3950   -1332.1936  0.6332 
   00319    0.4300   -1326.4434  0.6279 
   00320    0.4375   -1321.2083  0.6216 
   00321    0.4125   -1313.6826  0.6237 
   00322    0.4525   -1313.6422  0.6239 
   00323    0.4650   -1328.9597  0.6153 
   00324    0.4300   -1328.8885  0.5962 
   00325    0.4425   -1330.5442  0.5750 
   00326    0.3900   -1334.4447  0.5907 
   00327    0.4475   -1332.3878  0.5983 
   00328    0.4200   -1320.3756  0.6111 
   00329    0.3925   -1309.7716  0.6138 
   00330    0.4300   -1311.9446  0.6218 
   00331    0.3850   -1312.4021  0.6217 
   00332    0.4300   -1320.1880  0.6321 
   00333    0.3900   -1334.8481  0.6407 
   00334    0.4725   -1332.5845  0.6595 
   00335    0.4275   -1343.4806  0.6568 
   00336    0.3850   -1347.6935  0.6614 
   00337    0.4325   -1339.2046  0.6628 
   00338    0.4075   -1356.9253  0.6622 
   00339    0.4625   -1362.3225  0.6545 
   00340    0.3925   -1356.2950  0.6461 
   00341    0.4550   -1338.5083  0.6259 
   00342    0.4000   -1356.6320  0.6380 
   00343    0.4100   -1346.4554  0.6251 
   00344    0.4525   -1339.0161  0.6353 
   00345    0.4450   -1334.9758  0.6324 
   00346    0.4150   -1326.1067  0.6279 
   00347    0.4100   -1339.8781  0.6302 
   00348    0.4300   -1344.5284  0.6384 
   00349    0.4200   -1372.9227  0.6448 
   00350    0.4475   -1362.0110  0.6529 
   00351    0.4300   -1350.0233  0.6501 
   00352    0.4100   -1350.1256  0.6416 
   00353    0.4600   -1351.0917  0.6412 
   00354    0.4200   -1357.9261  0.6350 
   00355    0.4200   -1351.0640  0.6338 
   00356    0.3975   -1334.0082  0.6193 
   00357    0.3850   -1317.1355  0.6302 
   00358    0.4075   -1334.7834  0.6395 
   00359    0.4500   -1341.0336  0.6407 
   00360    0.4550   -1347.6073  0.6449 
   00361    0.4600   -1327.3818  0.6362 
   00362    0.4275   -1330.4139  0.6295 
   00363    0.4075   -1328.6583  0.6282 
   00364    0.4125   -1335.8381  0.6296 
   00365    0.4125   -1321.3905  0.6322 
   00366    0.3250   -1321.0674  0.6476 
   00367    0.4000   -1323.7839  0.6441 
   00368    0.3800   -1331.6194  0.6449 
   00369    0.4350   -1342.5448  0.6495 
   00370    0.4300   -1335.4613  0.6514 
   00371    0.3800   -1334.2740  0.6542 
   00372    0.4000   -1343.9122  0.6626 
   00373    0.4225   -1352.9902  0.6627 
   00374    0.4175   -1351.3613  0.6565 
   00375    0.3925   -1354.6003  0.6465 
   00376    0.3550   -1369.5027  0.6613 
   00377    0.4150   -1354.1621  0.6596 
   00378    0.4100   -1360.5031  0.6765 
   00379    0.4125   -1349.2312  0.6821 
   00380    0.4150   -1347.0597  0.6870 
   00381    0.4100   -1339.5935  0.6846 
   00382    0.4400   -1365.6967  0.7022 
   00383    0.4375   -1367.5676  0.6996 
   00384    0.4650   -1375.0444  0.7006 
   00385    0.4000   -1371.8011  0.6943 
   00386    0.3975   -1372.4702  0.6952 
   00387    0.4050   -1359.0587  0.6856 
   00388    0.4175   -1374.1832  0.6923 
   00389    0.3675   -1350.9420  0.6889 
   00390    0.4200   -1332.5076  0.6542 
   00391    0.3850   -1306.7461  0.6409 
   00392    0.4150   -1292.2512  0.6455 
   00393    0.4500   -1307.6777  0.6613 
   00394    0.4125   -1300.8120  0.6524 
   00395    0.4375   -1306.9216  0.6515 
   00396    0.4050   -1315.9152  0.6702 
   00397    0.4050   -1344.0631  0.6678 
   00398    0.4175   -1353.4763  0.6728 
   00399    0.3950   -1346.9796  0.6588 
   00400    0.3950   -1349.1724  0.6750 
   00401    0.4275   -1348.4900  0.6747 
   00402    0.3975   -1316.9298  0.6832 
   00403    0.4100   -1333.5228  0.6823 
   00404    0.4125   -1350.5714  0.6843 
   00405    0.4225   -1335.6053  0.6778 
   00406    0.4325   -1335.1503  0.6652 
   00407    0.4200   -1336.8831  0.6668 
   00408    0.4150   -1325.0780  0.6647 
   00409    0.4250   -1330.7216  0.6618 
   00410    0.4075   -1344.7395  0.6723 
   00411    0.4300   -1346.8951  0.6753 
   00412    0.4200   -1341.7052  0.6783 
   00413    0.4550   -1345.6599  0.6867 
   00414    0.4425   -1351.5603  0.6810 
   00415    0.4250   -1319.7504  0.6805 
   00416    0.4125   -1338.7764  0.6792 
   00417    0.3925   -1339.2407  0.6840 
   00418    0.4425   -1323.3958  0.6702 
   00419    0.4275   -1320.4343  0.6778 
   00420    0.4275   -1331.3331  0.6766 
   00421    0.4400   -1346.6046  0.6833 
   00422    0.4150   -1345.0110  0.6741 
   00423    0.4475   -1347.7704  0.6888 
   00424    0.4350   -1349.7577  0.6874 
   00425    0.4125   -1364.0057  0.6865 
   00426    0.4425   -1373.5818  0.6934 
   00427    0.4100   -1387.3069  0.6807 
   00428    0.4225   -1368.4950  0.6708 
   00429    0.4275   -1349.7269  0.6594 
   00430    0.4100   -1359.0121  0.6566 
   00431    0.4300   -1355.9659  0.6566 
   00432    0.4175   -1354.3872  0.6630 
   00433    0.4150   -1367.6616  0.6612 
   00434    0.4300   -1363.5303  0.6626 
   00435    0.4225   -1359.5803  0.6761 
   00436    0.4650   -1348.2510  0.6826 
   00437    0.4025   -1347.2429  0.6818 
   00438    0.3750   -1344.0148  0.6792 
   00439    0.4100   -1350.2424  0.6738 
   00440    0.3650   -1313.9301  0.6711 
   00441    0.3975   -1334.2068  0.6770 
   00442    0.4425   -1327.0391  0.6804 
   00443    0.4200   -1350.1873  0.6814 
   00444    0.3950   -1348.8873  0.6878 
   00445    0.4525   -1338.9458  0.6932 
   00446    0.4000   -1357.6151  0.6991 
   00447    0.4375   -1337.6626  0.7111 
   00448    0.4075   -1339.5973  0.7194 
   00449    0.3950   -1350.7771  0.7262 
   00450    0.3775   -1351.5753  0.7341 
   00451    0.3750   -1368.7253  0.7390 
   00452    0.4200   -1353.9338  0.7390 
   00453    0.4250   -1351.2999  0.7505 
   00454    0.3700   -1358.8660  0.7474 
   00455    0.4475   -1344.4381  0.7311 
   00456    0.4050   -1353.2355  0.7249 
   00457    0.3975   -1349.5966  0.7204 
   00458    0.4000   -1355.2363  0.7290 
   00459    0.4500   -1343.0997  0.7329 
   00460    0.4375   -1340.7549  0.7402 
   00461    0.4300   -1370.1438  0.7355 
   00462    0.4275   -1348.0552  0.7212 
   00463    0.4250   -1343.7097  0.7181 
   00464    0.4075   -1369.5333  0.7377 
   00465    0.4350   -1370.3240  0.7461 
   00466    0.4250   -1368.2979  0.7571 
   00467    0.3600   -1381.3849  0.7574 
   00468    0.4175   -1382.6666  0.7403 
   00469    0.4225   -1374.7972  0.7310 
   00470    0.4325   -1378.2750  0.7322 
   00471    0.4000   -1387.0190  0.7352 
   00472    0.4475   -1373.5710  0.7317 
   00473    0.3900   -1380.1234  0.7395 
   00474    0.3775   -1369.1182  0.7386 
   00475    0.4425   -1364.8033  0.7509 
   00476    0.4200   -1390.3385  0.7528 
   00477    0.3750   -1370.4153  0.7337 
   00478    0.3975   -1353.0724  0.7216 
   00479    0.4150   -1346.7101  0.7299 
   00480    0.3725   -1366.5781  0.7271 
   00481    0.3650   -1383.9149  0.7235 
   00482    0.4200   -1371.2169  0.7176 
   00483    0.4075   -1353.3228  0.7103 
   00484    0.4400   -1374.3516  0.7180 
   00485    0.4225   -1361.5834  0.7352 
   00486    0.3725   -1361.6365  0.7427 
   00487    0.4525   -1343.4685  0.7301 
   00488    0.4325   -1353.2681  0.7324 
   00489    0.3800   -1363.6211  0.7227 
   00490    0.4125   -1364.7163  0.7105 
   00491    0.3975   -1361.2385  0.7188 
   00492    0.4475   -1357.8481  0.7179 
   00493    0.3900   -1375.6995  0.7281 
   00494    0.3925   -1374.9204  0.7270 
   00495    0.4125   -1371.0944  0.7260 
   00496    0.4325   -1356.0647  0.7261 
   00497    0.3875   -1359.5286  0.7339 
   00498    0.4175   -1362.3440  0.7283 
   00499    0.3975   -1359.4574  0.7236 
   00500    0.4225   -1358.2166  0.7290 
   00501    0.4225   -1347.6309  0.7395 
   00502    0.4375   -1325.2303  0.7284 
   00503    0.4150   -1349.8961  0.7329 
   00504    0.4025   -1341.8490  0.7380 
   00505    0.4000   -1344.4213  0.7411 
   00506    0.4100   -1334.3257  0.7439 
   00507    0.4250   -1339.0754  0.7480 
   00508    0.4075   -1325.9458  0.7395 
   00509    0.4250   -1341.1123  0.7406 
   00510    0.4375   -1323.6937  0.7489 
   00511    0.3950   -1339.0795  0.7469 
   00512    0.4775   -1345.0951  0.7439 
   00513    0.3975   -1357.2449  0.7456 
   00514    0.4050   -1357.4872  0.7377 
   00515    0.3825   -1352.1923  0.7365 
   00516    0.3775   -1349.0043  0.7376 
   00517    0.3875   -1344.4855  0.7356 
   00518    0.3850   -1326.3199  0.7244 
   00519    0.4225   -1334.2837  0.7270 
   00520    0.3975   -1332.8140  0.7311 
   00521    0.4375   -1342.7623  0.7372 
   00522    0.4325   -1343.9520  0.7400 
   00523    0.4050   -1340.0846  0.7357 
   00524    0.3575   -1358.7180  0.7438 
   00525    0.3875   -1346.7965  0.7438 
   00526    0.4575   -1313.1359  0.7242 
   00527    0.4400   -1310.3754  0.7254 
   00528    0.4200   -1299.8807  0.7124 
   00529    0.3950   -1302.3284  0.7058 
   00530    0.4525   -1313.9294  0.7075 
   00531    0.3850   -1302.6943  0.6913 
   00532    0.4525   -1323.3792  0.7139 
   00533    0.4500   -1326.3555  0.7194 
   00534    0.4000   -1337.8063  0.7139 
   00535    0.3625   -1335.4813  0.7183 
   00536    0.4450   -1347.7675  0.7255 
   00537    0.4350   -1336.5065  0.7083 
   00538    0.3900   -1334.3361  0.7163 
   00539    0.4350   -1348.5649  0.7249 
   00540    0.4150   -1336.9607  0.7200 
   00541    0.4025   -1347.6532  0.7179 
   00542    0.4250   -1355.4625  0.7187 
   00543    0.3850   -1343.0143  0.7275 
   00544    0.3525   -1351.5222  0.7244 
   00545    0.3775   -1357.1436  0.7132 
   00546    0.4150   -1345.2393  0.7260 
   00547    0.4200   -1331.6578  0.7288 
   00548    0.4075   -1333.8141  0.7373 
   00549    0.4075   -1325.3324  0.7304 
   00550    0.4275   -1343.7252  0.7270 
   00551    0.4225   -1327.9847  0.7185 
   00552    0.4075   -1331.9198  0.7296 
   00553    0.4725   -1353.5385  0.7558 
   00554    0.3925   -1354.3707  0.7487 
   00555    0.4300   -1343.8306  0.7493 
   00556    0.4150   -1347.2435  0.7510 
   00557    0.4350   -1343.0453  0.7594 
   00558    0.4525   -1352.6995  0.7579 
   00559    0.4550   -1372.8163  0.7688 
   00560    0.4150   -1362.8278  0.7619 
   00561    0.4125   -1356.5436  0.7560 
   00562    0.4250   -1363.9088  0.7682 
   00563    0.4350   -1348.2698  0.7586 
   00564    0.4775   -1334.5778  0.7587 
   00565    0.4275   -1346.3027  0.7646 
   00566    0.4300   -1347.1478  0.7683 
   00567    0.4025   -1341.3557  0.7628 
   00568    0.3575   -1344.7104  0.7721 
   00569    0.4175   -1355.8064  0.7796 
   00570    0.4175   -1331.9323  0.7747 
   00571    0.4325   -1333.4630  0.7747 
   00572    0.4250   -1338.5789  0.7772 
   00573    0.4500   -1333.1230  0.7765 
   00574    0.4350   -1331.4479  0.7629 
   00575    0.4150   -1318.1381  0.7579 
   00576    0.4450   -1314.9193  0.7638 
   00577    0.4525   -1342.1383  0.7746 
   00578    0.4075   -1329.1902  0.7791 
   00579    0.4225   -1333.2355  0.7818 
   00580    0.3750   -1321.2179  0.7728 
   00581    0.4425   -1308.9893  0.7698 
   00582    0.3450   -1319.4438  0.7651 
   00583    0.4175   -1325.4216  0.7678 
   00584    0.4250   -1342.9165  0.7704 
   00585    0.4200   -1346.8979  0.7804 
   00586    0.3775   -1354.4712  0.7839 
   00587    0.4175   -1363.9807  0.7969 
   00588    0.4100   -1355.2025  0.7935 
   00589    0.4375   -1333.1370  0.7792 
   00590    0.3875   -1341.2461  0.7813 
   00591    0.3650   -1347.6080  0.7921 
   00592    0.4325   -1343.7212  0.7930 
   00593    0.4275   -1348.3103  0.8025 
   00594    0.3725   -1329.7029  0.8036 
   00595    0.3950   -1343.5485  0.8132 
   00596    0.4275   -1347.4618  0.8075 
   00597    0.4325   -1352.9279  0.8246 
   00598    0.4050   -1360.7007  0.8206 
   00599    0.4075   -1371.6740  0.8309 
   00600    0.4150   -1374.0221  0.8410 
   00601    0.4200   -1390.9032  0.8463 
   00602    0.4025   -1370.8491  0.8300 
   00603    0.3825   -1391.9286  0.8297 
   00604    0.4025   -1380.7167  0.8181 
   00605    0.3925   -1369.9955  0.8143 
   00606    0.4350   -1369.4384  0.8142 
   00607    0.3950   -1376.1339  0.8152 
   00608    0.4200   -1370.1617  0.8225 
   00609    0.3650   -1343.9570  0.8161 
   00610    0.3900   -1369.4675  0.8253 
   00611    0.3925   -1363.2195  0.8255 
   00612    0.4350   -1351.2137  0.8250 
   00613    0.4275   -1348.0012  0.8163 
   00614    0.3825   -1347.3577  0.8205 
   00615    0.3975   -1356.6910  0.8252 
   00616    0.3775   -1354.4845  0.8241 
   00617    0.3950   -1355.4365  0.8228 
   00618    0.4125   -1357.0918  0.8256 
   00619    0.4475   -1371.6448  0.8324 
   00620    0.3950   -1372.9762  0.8411 
   00621    0.4300   -1377.5182  0.8459 
   00622    0.3975   -1366.0205  0.8354 
   00623    0.4175   -1360.0432  0.8363 
   00624    0.4075   -1392.5553  0.8564 
   00625    0.3850   -1388.3284  0.8521 
   00626    0.3725   -1361.9684  0.8485 
   00627    0.3900   -1357.6611  0.8472 
   00628    0.4125   -1363.5438  0.8532 
   00629    0.4050   -1381.6263  0.8549 
   00630    0.4050   -1388.9261  0.8619 
   00631    0.4250   -1396.1078  0.8598 
   00632    0.3975   -1397.0464  0.8598 
   00633    0.4300   -1393.4989  0.8682 
   00634    0.4500   -1382.5935  0.8607 
   00635    0.4300   -1370.6683  0.8558 
   00636    0.3825   -1387.6378  0.8561 
   00637    0.4150   -1374.4207  0.8415 
   00638    0.4175   -1372.4230  0.8367 
   00639    0.4300   -1367.8969  0.8399 
   00640    0.3925   -1370.7614  0.8353 
   00641    0.3725   -1360.5731  0.8288 
   00642    0.4100   -1370.3257  0.8361 
   00643    0.4150   -1387.6090  0.8463 
   00644    0.3625   -1388.8704  0.8604 
   00645    0.4450   -1385.6653  0.8675 
   00646    0.4050   -1362.4357  0.8608 
   00647    0.4175   -1374.5857  0.8685 
   00648    0.4425   -1368.4069  0.8603 
   00649    0.3975   -1363.4482  0.8542 
   00650    0.4175   -1366.7089  0.8517 
   00651    0.4025   -1392.6355  0.8594 
   00652    0.4450   -1372.9982  0.8484 
   00653    0.4050   -1362.7694  0.8435 
   00654    0.3900   -1379.5735  0.8463 
   00655    0.4225   -1388.3866  0.8492 
   00656    0.3875   -1387.0931  0.8554 
   00657    0.3875   -1380.1027  0.8496 
   00658    0.3975   -1364.4501  0.8453 
   00659    0.4150   -1372.4417  0.8497 
   00660    0.4175   -1372.1971  0.8546 
   00661    0.3825   -1369.1039  0.8548 
   00662    0.4025   -1362.5826  0.8483 
   00663    0.4075   -1367.7925  0.8587 
   00664    0.4300   -1352.8468  0.8557 
   00665    0.4000   -1372.1268  0.8581 
   00666    0.4325   -1380.9508  0.8570 
   00667    0.4325   -1371.3035  0.8506 
   00668    0.4425   -1386.3085  0.8615 
   00669    0.4225   -1374.1453  0.8662 
   00670    0.3750   -1370.2521  0.8641 
   00671    0.4200   -1362.3344  0.8629 
   00672    0.3625   -1371.5945  0.8627 
   00673    0.3725   -1364.5991  0.8579 
   00674    0.3875   -1371.6746  0.8614 
   00675    0.3650   -1385.1661  0.8579 
   00676    0.4175   -1371.0247  0.8497 
   00677    0.3600   -1384.8801  0.8541 
   00678    0.4025   -1384.9818  0.8503 
   00679    0.3900   -1389.1860  0.8498 
   00680    0.4250   -1391.5828  0.8617 
   00681    0.4025   -1400.3199  0.8592 
   00682    0.4375   -1393.2935  0.8567 
   00683    0.4175   -1387.4253  0.8565 
   00684    0.4225   -1390.5974  0.8509 
   00685    0.3875   -1385.9062  0.8527 
   00686    0.4375   -1390.4219  0.8552 
   00687    0.4075   -1399.9559  0.8653 
   00688    0.3600   -1398.1318  0.8681 
   00689    0.4200   -1411.1942  0.8730 
   00690    0.3900   -1407.9781  0.8789 
   00691    0.4275   -1395.7009  0.8747 
   00692    0.4175   -1392.2942  0.8743 
   00693    0.4400   -1390.0901  0.8680 
   00694    0.3900   -1379.0316  0.8595 
   00695    0.4200   -1393.1295  0.8569 
   00696    0.3700   -1386.0437  0.8516 
   00697    0.3625   -1378.8108  0.8524 
   00698    0.3800   -1381.6921  0.8575 
   00699    0.4225   -1375.0194  0.8526 
   00700    0.4200   -1364.0452  0.8462 
   00701    0.3725   -1356.4987  0.8525 
   00702    0.4775   -1368.2316  0.8563 
   00703    0.4425   -1372.9481  0.8575 
   00704    0.4125   -1373.7834  0.8645 
   00705    0.3825   -1366.5099  0.8572 
   00706    0.4150   -1370.0852  0.8441 
   00707    0.4250   -1377.0959  0.8488 
   00708    0.3850   -1384.5029  0.8545 
   00709    0.3875   -1372.8889  0.8596 
   00710    0.4325   -1364.5472  0.8562 
   00711    0.3900   -1356.8286  0.8510 
   00712    0.4800   -1379.7036  0.8588 
   00713    0.4150   -1379.6710  0.8579 
   00714    0.4075   -1381.2981  0.8518 
   00715    0.3925   -1380.7126  0.8472 
   00716    0.3975   -1351.0718  0.8359 
   00717    0.4025   -1354.4419  0.8373 
   00718    0.4275   -1355.9197  0.8487 
   00719    0.4000   -1370.1029  0.8571 
   00720    0.4125   -1379.8839  0.8494 
   00721    0.4375   -1383.6366  0.8466 
   00722    0.4250   -1359.8397  0.8351 
   00723    0.4025   -1367.6649  0.8447 
   00724    0.4300   -1364.8278  0.8343 
   00725    0.4000   -1361.5529  0.8312 
   00726    0.4025   -1371.6409  0.8356 
   00727    0.3875   -1386.7688  0.8438 
   00728    0.4275   -1382.5796  0.8483 
   00729    0.4200   -1368.8511  0.8500 
   00730    0.4550   -1370.3458  0.8578 
   00731    0.4300   -1362.7323  0.8626 
   00732    0.4300   -1358.1365  0.8545 
   00733    0.4350   -1364.2046  0.8639 
   00734    0.4325   -1362.0793  0.8615 
   00735    0.4275   -1367.6876  0.8569 
   00736    0.4000   -1375.2183  0.8604 
   00737    0.4325   -1369.2313  0.8607 
   00738    0.4200   -1354.8582  0.8530 
   00739    0.4025   -1349.1217  0.8493 
   00740    0.3925   -1372.1166  0.8539 
   00741    0.4025   -1356.3275  0.8498 
   00742    0.3850   -1373.7668  0.8609 
   00743    0.4150   -1366.2086  0.8471 
   00744    0.4375   -1356.1543  0.8514 
   00745    0.4850   -1359.8650  0.8491 
   00746    0.3975   -1364.7922  0.8483 
   00747    0.3700   -1389.9110  0.8570 
   00748    0.3825   -1391.3159  0.8667 
   00749    0.4375   -1382.1338  0.8586 
   00750    0.4325   -1388.4113  0.8702 
   00751    0.4075   -1390.5476  0.8644 
   00752    0.3775   -1398.4703  0.8644 
   00753    0.3925   -1396.1328  0.8653 
   00754    0.4500   -1379.7759  0.8605 
   00755    0.4300   -1389.6288  0.8617 
   00756    0.3875   -1376.1294  0.8584 
   00757    0.3950   -1390.0837  0.8649 
   00758    0.4000   -1372.6221  0.8548 
   00759    0.3950   -1387.4058  0.8633 
   00760    0.4150   -1404.6249  0.8790 
   00761    0.4150   -1372.7245  0.8698 
   00762    0.3425   -1390.4996  0.8803 
   00763    0.4150   -1395.3094  0.8740 
   00764    0.4325   -1388.4630  0.8709 
   00765    0.4125   -1379.8434  0.8703 
   00766    0.4250   -1360.5135  0.8670 
   00767    0.4000   -1369.4327  0.8636 
   00768    0.3950   -1374.0197  0.8656 
   00769    0.4375   -1367.0068  0.8596 
   00770    0.4250   -1378.2567  0.8660 
   00771    0.4225   -1369.6553  0.8599 
   00772    0.4050   -1378.2654  0.8680 
   00773    0.4300   -1383.0646  0.8797 
   00774    0.4250   -1377.1271  0.8773 
   00775    0.4275   -1373.8159  0.8809 
   00776    0.3900   -1372.6249  0.8830 
   00777    0.4625   -1380.1748  0.8936 
   00778    0.3825   -1373.6713  0.8874 
   00779    0.4075   -1387.6598  0.8858 
   00780    0.4500   -1379.3859  0.8897 
   00781    0.4100   -1368.0992  0.8859 
   00782    0.4175   -1363.0380  0.8809 
   00783    0.4125   -1376.6804  0.8804 
   00784    0.4575   -1366.7623  0.8833 
   00785    0.3575   -1366.1322  0.8828 
   00786    0.3950   -1367.6935  0.8850 
   00787    0.3775   -1377.7227  0.8918 
   00788    0.4075   -1379.1196  0.8897 
   00789    0.4275   -1375.4020  0.8865 
   00790    0.4250   -1390.0175  0.8906 
   00791    0.4500   -1383.0817  0.8877 
   00792    0.3700   -1389.0073  0.8872 
   00793    0.4100   -1371.1046  0.8790 
   00794    0.3675   -1356.8322  0.8768 
   00795    0.4225   -1364.3832  0.8760 
   00796    0.4425   -1336.5316  0.8579 
   00797    0.4000   -1339.8546  0.8624 
   00798    0.3800   -1350.9318  0.8618 
   00799    0.4225   -1370.7872  0.8648 
   00800    0.4100   -1360.0645  0.8558 
   00801    0.4275   -1363.1340  0.8503 
   00802    0.3725   -1343.5105  0.8350 
   00803    0.4100   -1347.6885  0.8397 
   00804    0.4250   -1342.3501  0.8386 
   00805    0.4250   -1343.7256  0.8381 
   00806    0.4525   -1353.1218  0.8415 
   00807    0.4275   -1357.4449  0.8507 
   00808    0.4175   -1363.4581  0.8510 
   00809    0.4300   -1365.5031  0.8509 
   00810    0.3725   -1356.1222  0.8515 
   00811    0.3975   -1374.3243  0.8608 
   00812    0.3925   -1381.6030  0.8557 
   00813    0.3700   -1356.7689  0.8522 
   00814    0.4225   -1359.7531  0.8629 
   00815    0.4225   -1357.4938  0.8627 
   00816    0.4075   -1357.2365  0.8625 
   00817    0.4000   -1361.5648  0.8612 
   00818    0.4325   -1332.6693  0.8488 
   00819    0.4375   -1338.0938  0.8562 
   00820    0.4925   -1360.1053  0.8577 
   00821    0.4325   -1365.0863  0.8633 
   00822    0.4300   -1351.7832  0.8616 
   00823    0.4225   -1373.5367  0.8668 
   00824    0.3925   -1377.1603  0.8692 
   00825    0.4100   -1364.6648  0.8662 
   00826    0.4075   -1367.3997  0.8725 
   00827    0.3950   -1359.4570  0.8754 
   00828    0.4125   -1376.9188  0.8762 
   00829    0.4150   -1375.7289  0.8736 
   00830    0.3750   -1384.5905  0.8798 
   00831    0.4200   -1387.2754  0.8827 
   00832    0.4025   -1382.5413  0.8789 
   00833    0.4025   -1373.2349  0.8786 
   00834    0.4675   -1390.7771  0.8836 
   00835    0.3950   -1374.4458  0.8766 
   00836    0.4250   -1372.5302  0.8764 
   00837    0.4425   -1386.8196  0.8767 
   00838    0.4375   -1390.9646  0.8792 
   00839    0.4125   -1384.3911  0.8843 
   00840    0.4400   -1387.9596  0.8861 
   00841    0.3700   -1388.2087  0.8800 
   00842    0.4000   -1373.9725  0.8695 
   00843    0.4275   -1379.3945  0.8650 
   00844    0.4200   -1362.3995  0.8635 
   00845    0.4225   -1349.3198  0.8592 
   00846    0.4050   -1356.4271  0.8578 
   00847    0.4225   -1352.4852  0.8521 
   00848    0.4200   -1348.0885  0.8466 
   00849    0.4375   -1362.6185  0.8521 
   00850    0.4025   -1359.3362  0.8512 
   00851    0.4275   -1363.6643  0.8666 
   00852    0.4775   -1373.1699  0.8789 
   00853    0.4375   -1382.0209  0.8856 
   00854    0.3875   -1387.7943  0.8852 
   00855    0.4050   -1368.4207  0.8869 
   00856    0.4200   -1374.4608  0.8863 
   00857    0.4100   -1372.8787  0.8804 
   00858    0.4025   -1371.9363  0.8791 
   00859    0.4200   -1364.0985  0.8668 
   00860    0.4150   -1343.9974  0.8590 
   00861    0.3975   -1362.3475  0.8658 
   00862    0.3750   -1354.5133  0.8537 
   00863    0.3400   -1351.4496  0.8513 
   00864    0.3875   -1349.4631  0.8618 
   00865    0.4175   -1365.8148  0.8709 
   00866    0.4225   -1380.6829  0.8801 
   00867    0.4275   -1384.3035  0.8786 
   00868    0.4025   -1369.1831  0.8757 
   00869    0.3850   -1362.2118  0.8645 
   00870    0.4175   -1365.9120  0.8662 
   00871    0.4025   -1363.1833  0.8680 
   00872    0.4400   -1388.8784  0.8650 
   00873    0.3900   -1381.8079  0.8639 
   00874    0.3975   -1364.6427  0.8607 
   00875    0.3925   -1369.3746  0.8692 
   00876    0.4575   -1356.3812  0.8648 
   00877    0.4375   -1365.4448  0.8628 
   00878    0.4300   -1370.3953  0.8695 
   00879    0.4050   -1370.1428  0.8764 
   00880    0.4550   -1379.8635  0.8836 
   00881    0.4725   -1383.0073  0.8829 
   00882    0.4400   -1381.9685  0.8786 
   00883    0.4125   -1373.4033  0.8734 
   00884    0.4175   -1381.8467  0.8810 
   00885    0.3725   -1375.9866  0.8757 
   00886    0.4775   -1372.5139  0.8837 
   00887    0.4425   -1393.2006  0.8881 
   00888    0.3900   -1409.6539  0.8957 
   00889    0.4525   -1402.1903  0.8955 
   00890    0.3975   -1409.3062  0.9005 
   00891    0.4375   -1411.9006  0.8980 
   00892    0.3775   -1406.1907  0.8921 
   00893    0.4050   -1400.5444  0.8880 
   00894    0.4050   -1402.6796  0.8907 
   00895    0.3875   -1395.3517  0.8875 
   00896    0.3825   -1396.6272  0.8869 
   00897    0.3850   -1405.4163  0.8885 
   00898    0.4300   -1379.9344  0.8811 
   00899    0.4275   -1371.0693  0.8771 
   00900    0.3800   -1354.6935  0.8704 
   00901    0.4200   -1371.0498  0.8721 
   00902    0.3775   -1371.6198  0.8747 
   00903    0.3900   -1369.2305  0.8659 
   00904    0.4400   -1377.4027  0.8612 
   00905    0.4000   -1366.8398  0.8582 
   00906    0.3925   -1364.1562  0.8579 
   00907    0.4150   -1358.6744  0.8568 
   00908    0.4450   -1347.7389  0.8525 
   00909    0.4025   -1371.1938  0.8611 
   00910    0.3850   -1366.2534  0.8633 
   00911    0.4250   -1385.3827  0.8710 
   00912    0.4250   -1372.8497  0.8728 
   00913    0.3875   -1385.5802  0.8852 
   00914    0.4075   -1379.3451  0.8793 
   00915    0.3975   -1388.3901  0.8796 
   00916    0.4150   -1399.0216  0.8781 
   00917    0.4000   -1406.2932  0.8841 
   00918    0.4175   -1393.6669  0.8750 
   00919    0.4225   -1406.8967  0.8817 
   00920    0.3925   -1411.5804  0.8819 
   00921    0.3800   -1409.0925  0.8855 
   00922    0.3950   -1403.3512  0.8919 
   00923    0.3775   -1387.2932  0.8781 
   00924    0.4225   -1375.3575  0.8779 
   00925    0.4200   -1378.5142  0.8779 
   00926    0.3600   -1390.9713  0.8775 
   00927    0.3650   -1386.3005  0.8795 
   00928    0.3850   -1376.3683  0.8807 
   00929    0.4100   -1358.9670  0.8637 
   00930    0.3700   -1373.0040  0.8735 
   00931    0.3800   -1392.4653  0.8765 
   00932    0.3975   -1408.6571  0.8813 
   00933    0.4275   -1403.7737  0.8861 
   00934    0.3875   -1395.0914  0.8779 
   00935    0.4150   -1388.0449  0.8732 
   00936    0.4075   -1410.6396  0.8814 
   00937    0.3650   -1406.5131  0.8863 
   00938    0.3750   -1387.9324  0.8806 
   00939    0.4375   -1391.0027  0.8783 
   00940    0.4600   -1401.5480  0.8755 
   00941    0.4250   -1387.4802  0.8814 
   00942    0.4000   -1391.5350  0.8761 
   00943    0.3925   -1375.4829  0.8670 
   00944    0.4450   -1381.1001  0.8729 
   00945    0.3850   -1390.9950  0.8766 
   00946    0.4375   -1386.7799  0.8690 
   00947    0.3625   -1386.2362  0.8681 
   00948    0.3875   -1389.1914  0.8643 
   00949    0.4075   -1408.0609  0.8740 
   00950    0.3525   -1401.6571  0.8725 
   00951    0.3975   -1390.1622  0.8709 
   00952    0.3925   -1389.2269  0.8693 
   00953    0.4175   -1390.7572  0.8767 
   00954    0.4125   -1386.3329  0.8711 
   00955    0.4275   -1364.4141  0.8615 
   00956    0.3900   -1359.6980  0.8556 
   00957    0.4350   -1348.0861  0.8516 
   00958    0.3900   -1345.4868  0.8448 
   00959    0.4100   -1374.8441  0.8579 
   00960    0.4175   -1370.5203  0.8583 
   00961    0.3875   -1366.4492  0.8665 
   00962    0.3975   -1374.2218  0.8567 
   00963    0.4250   -1380.4967  0.8533 
   00964    0.3750   -1395.8997  0.8545 
   00965    0.3775   -1397.2460  0.8557 
   00966    0.4375   -1398.3115  0.8533 
   00967    0.3700   -1390.7294  0.8553 
   00968    0.4500   -1387.2001  0.8613 
   00969    0.4325   -1385.5343  0.8605 
   00970    0.4400   -1381.2437  0.8637 
   00971    0.3750   -1390.0875  0.8721 
   00972    0.3950   -1383.3728  0.8626 
   00973    0.3775   -1393.2815  0.8680 
   00974    0.3875   -1391.0270  0.8698 
   00975    0.4400   -1399.9841  0.8762 
   00976    0.3650   -1400.5420  0.8809 
   00977    0.3500   -1393.2130  0.8748 
   00978    0.4050   -1377.6661  0.8582 
   00979    0.4050   -1348.2021  0.8581 
   00980    0.4225   -1368.3317  0.8734 
   00981    0.3975   -1356.1973  0.8657 
   00982    0.4125   -1344.7740  0.8661 
   00983    0.4050   -1356.4601  0.8671 
   00984    0.4425   -1347.8131  0.8613 
   00985    0.4125   -1360.3124  0.8625 
   00986    0.4425   -1377.7471  0.8678 
   00987    0.4100   -1368.5454  0.8665 
   00988    0.4275   -1365.6188  0.8653 
   00989    0.3975   -1372.1754  0.8586 
   00990    0.4350   -1375.9626  0.8559 
   00991    0.3825   -1382.4663  0.8658 
   00992    0.4350   -1378.7759  0.8756 
   00993    0.4375   -1386.1415  0.8795 
   00994    0.3925   -1395.2675  0.8752 
   00995    0.3850   -1374.4164  0.8716 
   00996    0.3825   -1372.8391  0.8734 
   00997    0.4250   -1376.5352  0.8785 
   00998    0.3725   -1358.1476  0.8665 
   00999    0.3900   -1364.0887  0.8751 
   01000    0.4425   -1365.4700  0.8803 
