#=====================================================
# File created:        Sun-22-Feb-2026-at-06-02-40PM
# Size of lattice:     100x100
# Number of MC steps:  1000
# Reduced temperature: 0.500
# Run time (s):        17.027092
#=====================================================
# MC step:  Ratio:     Energy:   Order:
#=====================================================
   00000    0.5000  -10162.8906  0.2552 
   00001    0.6768  -15000.4883  0.2569 
   00002    0.6230  -18298.9629  0.2591 
   00003    0.5795  -20495.1562  0.2600 
   00004    0.5495  -22191.6699  0.2573 
   00005    0.5367  -23618.6289  0.2607 
   00006    0.5263  -24786.8008  0.2646 
   00007    0.5070  -25666.5645  0.2586 
   00008    0.4951  -26505.3691  0.2598 
   00009    0.4929  -27224.6230  0.2661 
   00010    0.4663  -27695.7480  0.2666 
   00011    0.4748  -28174.5273  0.2740 
   00012    0.4736  -28596.2520  0.2779 
   00013    0.4639  -28925.5586  0.2789 
   00014    0.4634  -29161.0293  0.2801 
   00015    0.4670  -29459.8555  0.2825 
   00016    0.4559  -29722.3457  0.2824 
   00017    0.4524  -30106.3242  0.2833 
   00018    0.4451  -30177.8125  0.2831 
   00019    0.4411  -30369.5820  0.2802 
   00020    0.4413  -30533.5820  0.2808 
   00021    0.4506  -30708.1152  0.2848 
   00022    0.4531  -30782.8223  0.2840 
   00023    0.4459  -30866.8027  0.2858 
   00024    0.4399  -30946.2832  0.2861 
   00025    0.4398  -31041.5234  0.2884 
   00026    0.4493  -31098.2676  0.2876 
   00027    0.4444  -31298.8145  0.2900 
   00028    0.4316  -31329.6758  0.2906 
   00029    0.4305  -31495.9062  0.2917 
   00030    0.4294  -31512.3125  0.2893 
   00031    0.4375  -31590.0195  0.2863 
   00032    0.4296  -31640.7441  0.2891 
   00033    0.4345  -31778.4980  0.2892 
   00034    0.4321  -31869.4941  0.2911 
   00035    0.4294  -31964.0137  0.2908 
   00036    0.4261  -32079.2129  0.2932 
   00037    0.4340  -32177.9922  0.2903 
   00038    0.4272  -32101.7559  0.2893 
   00039    0.4286  -32128.0566  0.2946 
   00040    0.4262  -32163.8379  0.2964 
   00041    0.4298  -32062.3496  0.2922 
   00042    0.4260  -32059.9219  0.2938 
   00043    0.4294  -32040.8613  0.2948 
   00044    0.4249  -31964.7773  0.2959 
   00045    0.4307  -32157.3594  0.3024 
   00046    0.4319  -32319.6035  0.3010 
   00047    0.4247  -32347.3242  0.2987 
   00048    0.4351  -32439.3496  0.2957 
   00049    0.4318  -32383.5000  0.2962 
   00050    0.4320  -32388.2930  0.2971 
   00051    0.4341  -32406.2168  0.2926 
   00052    0.4318  -32375.0840  0.2945 
   00053    0.4166  -32338.6191  0.2999 
   00054    0.4306  -32374.1758  0.3023 
   00055    0.4273  -32364.7129  0.3036 
   00056    0.4310  -32349.4863  0.3038 
   00057    0.4269  -32373.6602  0.2999 
   00058    0.4326  -32310.7500  0.2985 
   00059    0.4281  -32361.9219  0.2988 
   00060    0.4335  -32451.4824  0.2985 
   00061    0.4321  -32517.6543  0.2979 
   00062    0.4307  -32484.3516  0.2996 
   00063    0.4262  -32497.2051  0.3000 
   00064    0.4352  -32662.8184  0.3033 
   00065    0.4220  -32689.3945  0.3070 
   00066    0.4184  -32651.4883  0.3064 
   00067    0.4247  -32669.7363  0.3072 
   00068    0.4208  -32717.2461  0.3069 
   00069    0.4251  -32580.0137  0.3043 
   00070    0.4243  -32583.6016  0.3060 
   00071    0.4227  -32656.5508  0.3033 
   00072    0.4277  -32715.4238  0.3011 
   00073    0.4249  -32655.2969  0.3004 
   00074    0.4200  -32602.2207  0.2985 
   00075    0.4218  -32733.1328  0.3009 
   00076    0.4248  -32692.3945  0.3017 
   00077    0.4240  -32761.9395  0.3058 
   00078    0.4192  -32790.6914  0.3055 
   00079    0.4279  -32689.7676  0.3079 
   00080    0.4086  -32651.1172  0.3069 
   00081    0.4286  -32706.6133  0.3072 
   00082    0.4180  -32746.3457  0.3067 
   00083    0.4196  -32792.4922  0.3038 
   00084    0.4237  -32883.9609  0.3035 
   00085    0.4220  -32846.3047  0.3063 
   00086    0.4266  -32901.2305  0.3059 
   00087    0.4258  -32853.6914  0.3053 
   00088    0.4221  -32871.1992  0.3036 
   00089    0.4153  -32914.9219  0.2999 
   00090    0.4159  -32876.0273  0.2988 
   00091    0.4164  -32910.3594  0.2995 
   00092    0.4236  -32964.4102  0.2967 
   00093    0.4286  -33011.8164  0.2947 
   00094    0.4179  -32972.6602  0.2918 
   00095    0.4232  -32987.8711  0.2917 
   00096    0.4252  -32994.9805  0.2900 
   00097    0.4181  -33078.1289  0.2891 
   00098    0.4136  -33132.7734  0.2894 
   00099    0.4134  -33060.1836  0.2904 
   00100    0.4178  -33038.5820  0.2930 
   00101    0.4169  -33000.1445  0.2918 
   00102    0.4156  -33074.7383  0.2967 
   00103    0.4164  -33049.3281  0.2972 
   00104    0.4226  -33119.2930  0.2951 
   00105    0.4296  -33002.1797  0.2945 
   00106    0.4203  -33025.1172  0.2890 
   00107    0.4279  -33034.6250  0.2910 
   00108    0.4174  -32942.9492  0.2890 
   00109    0.4316  -33029.5312  0.2866 
   00110    0.4200  -33075.0508  0.2866 
   00111    0.4249  -33046.4922  0.2895 
   00112    0.4233  -33093.9141  0.2938 
   00113    0.4192  -33067.1016  0.2955 
   00114    0.4161  -33035.5859  0.2955 
   00115    0.4273  -33035.2812  0.2943 
   00116    0.4127  -32946.8242  0.2910 
   00117    0.4231  -32955.8867  0.2916 
   00118    0.4253  -32999.3555  0.2969 
   00119    0.4198  -33130.8398  0.2995 
   00120    0.4079  -33119.3320  0.2958 
   00121    0.4246  -33168.6641  0.2968 
   00122    0.4188  -33120.3789  0.2967 
   00123    0.4206  -33111.3906  0.2966 
   00124    0.4225  -33157.8789  0.2947 
   00125    0.4150  -33139.8086  0.2960 
   00126    0.4198  -33132.6797  0.2950 
   00127    0.4220  -33139.2383  0.2955 
   00128    0.4229  -33102.1055  0.2943 
   00129    0.4223  -33087.2773  0.2948 
   00130    0.4234  -33086.7812  0.2930 
   00131    0.4114  -33038.0898  0.2955 
   00132    0.4256  -33050.9336  0.2935 
   00133    0.4216  -33108.4609  0.2953 
   00134    0.4223  -33216.0625  0.2924 
   00135    0.4246  -33177.2305  0.2929 
   00136    0.4204  -33248.9805  0.2941 
   00137    0.4170  -33246.3203  0.2938 
   00138    0.4188  -33316.2812  0.2965 
   00139    0.4185  -33319.6836  0.2952 
   00140    0.4140  -33259.1367  0.2939 
   00141    0.4136  -33314.3203  0.2960 
   00142    0.4200  -33277.5273  0.2950 
   00143    0.4183  -33328.0078  0.2987 
   00144    0.4101  -33328.1914  0.2963 
   00145    0.4165  -33416.6289  0.2978 
   00146    0.4207  -33382.6328  0.3012 
   00147    0.4135  -33324.9336  0.3063 
   00148    0.4259  -33364.2383  0.3067 
   00149    0.4202  -33317.1016  0.3056 
   00150    0.4206  -33277.2188  0.3061 
   00151    0.4163  -33359.8281  0.3050 
   00152    0.4161  -33315.3945  0.3033 
   00153    0.4224  -33320.3281  0.3032 
   00154    0.4191  -33296.7539  0.3034 
   00155    0.4194  -33392.2852  0.3066 
   00156    0.4220  -33338.0156  0.3073 
   00157    0.4264  -33366.2031  0.3093 
   00158    0.3996  -33379.1641  0.3090 
   00159    0.4122  -33357.7109  0.3102 
   00160    0.4101  -33333.1562  0.3070 
   00161    0.4239  -33360.4766  0.3114 
   00162    0.4273  -33366.7539  0.3103 
   00163    0.4281  -33316.3047  0.3107 
   00164    0.4237  -33271.8594  0.3128 
   00165    0.4180  -33304.8984  0.3149 
   00166    0.4176  -33297.1445  0.3144 
   00167    0.4174  -33317.2266  0.3127 
   00168    0.4220  -33383.3359  0.3095 
   00169    0.4112  -33380.7695  0.3071 
   00170    0.4205  -33374.5547  0.3074 
   00171    0.4216  -33262.3867  0.3078 
   00172    0.4153  -33229.6914  0.3099 
   00173    0.4127  -33223.1523  0.3102 
   00174    0.4211  -33280.2383  0.3061 
   00175    0.4185  -33278.7891  0.3067 
   00176    0.4212  -33331.4141  0.3082 
   00177    0.4102  -33275.5039  0.3061 
   00178    0.4118  -33196.0547  0.3060 
   00179    0.4133  -33268.8906  0.3079 
   00180    0.4138  -33293.0977  0.3083 
   00181    0.4198  -33329.7188  0.3063 
   00182    0.4082  -33441.1680  0.3044 
   00183    0.4188  -33379.9414  0.3043 
   00184    0.4167  -33316.5859  0.3043 
   00185    0.4109  -33419.6094  0.3056 
   00186    0.4104  -33419.7578  0.3096 
   00187    0.4103  -33397.7539  0.3059 
   00188    0.4069  -33429.0039  0.3069 
   00189    0.4140  -33349.8672  0.3099 
   00190    0.4154  -33476.4766  0.3105 
   00191    0.4220  -33535.2891  0.3127 
   00192    0.4131  -33508.0820  0.3128 
   00193    0.4116  -33525.7578  0.3134 
   00194    0.4082  -33544.7734  0.3123 
   00195    0.4123  -33508.2031  0.3115 
   00196    0.4110  -33561.7148  0.3129 
   00197    0.4142  -33558.9219  0.3147 
   00198    0.4148  -33493.8477  0.3180 
   00199    0.4249  -33517.4414  0.3197 
   00200    0.4215  -33495.8164  0.3212 
   00201    0.4126  -33509.0781  0.3207 
   00202    0.4125  -33535.5820  0.3198 
   00203    0.4236  -33507.1172  0.3184 
   00204    0.4171  -33523.8516  0.3188 
   00205    0.4171  -33507.5273  0.3175 
   00206    0.4119  -33526.1445  0.3142 
   00207    0.4111  -33387.6172  0.3124 
   00208    0.4183  -33518.7461  0.3143 
   00209    0.4074  -33478.1094  0.3161 
   00210    0.4067  -33413.5156  0.3155 
   00211    0.4147  -33480.7383  0.3151 
   00212    0.4113  -33395.7891  0.3143 
   00213    0.4141  -33419.2930  0.3187 
   00214    0.4172  -33449.8711  0.3150 
   00215    0.4167  -33503.1680  0.3170 
   00216    0.4195  -33480.2070  0.3185 
   00217    0.4176  -33531.1250  0.3172 
   00218    0.4199  -33459.7031  0.3168 
   00219    0.4137  -33451.2969  0.3200 
   00220    0.4226  -33399.5117  0.3191 
   00221    0.4217  -33485.3203  0.3207 
   00222    0.4115  -33445.5039  0.3216 
   00223    0.4181  -33500.8594  0.3224 
   00224    0.4277  -33498.1562  0.3198 
   00225    0.4173  -33410.1484  0.3199 
   00226    0.4223  -33390.9570  0.3171 
   00227    0.4115  -33483.6602  0.3153 
   00228    0.4156  -33528.7305  0.3167 
   00229    0.4231  -33509.7695  0.3115 
   00230    0.4147  -33496.7500  0.3108 
   00231    0.4140  -33405.4414  0.3083 
   00232    0.4112  -33430.7852  0.3104 
   00233    0.4204  -33398.5273  0.3106 
   00234    0.4240  -33402.4453  0.3123 
   00235    0.4189  -33317.3984  0.3136 
   00236    0.4073  -33397.4258  0.3148 
   00237    0.4232  -33425.8672  0.3156 
   00238    0.4111  -33416.6250  0.3150 
   00239    0.4268  -33415.3438  0.3159 
   00240    0.4015  -33413.7148  0.3138 
   00241    0.4131  -33542.7852  0.3129 
   00242    0.4190  -33584.2930  0.3180 
   00243    0.4261  -33654.8828  0.3164 
   00244    0.4111  -33636.3359  0.3185 
   00245    0.4154  -33592.2734  0.3166 
   00246    0.4143  -33670.5977  0.3187 
   00247    0.4199  -33604.3203  0.3197 
   00248    0.4143  -33558.5117  0.3217 
   00249    0.4145  -33594.4023  0.3196 
   00250    0.4086  -33591.1367  0.3196 
   00251    0.4146  -33550.1602  0.3185 
   00252    0.4164  -33606.7070  0.3188 
   00253    0.4242  -33610.1797  0.3166 
   00254    0.4112  -33599.7461  0.3179 
   00255    0.4200  -33619.5352  0.3164 
   00256    0.4229  -33630.8555  0.3168 
   00257    0.4215  -33551.5352  0.3179 
   00258    0.4153  -33477.5195  0.3160 
   00259    0.4150  -33455.1289  0.3169 
   00260    0.4134  -33513.5000  0.3152 
   00261    0.4197  -33557.4727  0.3136 
   00262    0.4118  -33576.4336  0.3147 
   00263    0.4130  -33597.1836  0.3169 
   00264    0.4233  -33664.5664  0.3170 
   00265    0.4178  -33683.8008  0.3189 
   00266    0.4113  -33672.4219  0.3173 
   00267    0.4147  -33708.3242  0.3172 
   00268    0.4218  -33660.3359  0.3168 
   00269    0.4139  -33651.7422  0.3147 
   00270    0.4204  -33712.9883  0.3100 
   00271    0.4186  -33666.0820  0.3083 
   00272    0.4092  -33673.5312  0.3092 
   00273    0.4120  -33624.7930  0.3062 
   00274    0.4130  -33641.9609  0.3083 
   00275    0.4042  -33718.7305  0.3079 
   00276    0.4190  -33774.1406  0.3066 
   00277    0.4070  -33783.1211  0.3070 
   00278    0.3990  -33743.4727  0.3096 
   00279    0.4133  -33685.0586  0.3107 
   00280    0.4106  -33665.9961  0.3090 
   00281    0.4081  -33728.7148  0.3130 
   00282    0.4145  -33645.4766  0.3133 
   00283    0.4091  -33767.1094  0.3135 
   00284    0.4126  -33740.4180  0.3142 
   00285    0.4186  -33720.1484  0.3140 
   00286    0.4174  -33647.6016  0.3132 
   00287    0.4182  -33574.4453  0.3127 
   00288    0.4105  -33564.9688  0.3140 
   00289    0.4148  -33517.7305  0.3113 
   00290    0.4115  -33565.9102  0.3094 
   00291    0.4189  -33542.4961  0.3125 
   00292    0.4151  -33615.2148  0.3118 
   00293    0.4170  -33689.8203  0.3121 
   00294    0.4137  -33654.5977  0.3112 
   00295    0.4095  -33692.5781  0.3096 
   00296    0.4188  -33713.5312  0.3106 
   00297    0.4153  -33587.5898  0.3096 
   00298    0.4156  -33650.5625  0.3090 
   00299    0.4075  -33603.9141  0.3082 
   00300    0.4103  -33641.2188  0.3064 
   00301    0.4142  -33569.8555  0.3065 
   00302    0.4170  -33647.2188  0.3075 
   00303    0.4137  -33645.4648  0.3078 
   00304    0.4077  -33710.5625  0.3090 
   00305    0.4127  -33664.3594  0.3090 
   00306    0.4125  -33650.8359  0.3073 
   00307    0.4066  -33698.3008  0.3062 
   00308    0.4074  -33691.8164  0.3072 
   00309    0.4114  -33646.8164  0.3051 
   00310    0.4119  -33694.6875  0.3047 
   00311    0.4218  -33725.3750  0.3045 
   00312    0.4216  -33671.1641  0.3020 
   00313    0.4140  -33834.1719  0.2988 
   00314    0.4150  -33880.9844  0.3000 
   00315    0.4127  -33878.4297  0.2986 
   00316    0.4223  -33840.4297  0.2969 
   00317    0.4166  -33825.2852  0.2977 
   00318    0.4196  -33787.2578  0.3001 
   00319    0.4221  -33765.0352  0.2998 
   00320    0.4156  -33819.4688  0.3001 
   00321    0.4135  -33833.9883  0.3014 
   00322    0.4154  -33704.6211  0.3025 
   00323    0.4191  -33672.0469  0.3012 
   00324    0.4062  -33611.9062  0.3023 
   00325    0.4158  -33578.2656  0.3013 
   00326    0.4096  -33572.5625  0.3042 
   00327    0.4205  -33555.0312  0.3032 
   00328    0.4172  -33653.7617  0.3045 
   00329    0.4207  -33745.9648  0.3061 
   00330    0.4096  -33708.2305  0.3069 
   00331    0.4155  -33764.0312  0.3061 
   00332    0.4144  -33722.4648  0.3039 
   00333    0.4112  -33629.3203  0.3019 
   00334    0.4101  -33652.5820  0.3021 
   00335    0.4134  -33659.7500  0.3024 
   00336    0.4127  -33787.0273  0.3003 
   00337    0.4117  -33797.6055  0.3007 
   00338    0.4146  -33665.3164  0.3002 
   00339    0.4191  -33670.4766  0.2994 
   00340    0.4137  -33748.9414  0.2995 
   00341    0.4175  -33677.2578  0.3042 
   00342    0.4078  -33642.2617  0.3020 
   00343    0.4118  -33713.1094  0.3031 
   00344    0.4219  -33685.2227  0.3044 
   00345    0.4095  -33623.7383  0.3047 
   00346    0.4270  -33653.9766  0.3078 
   00347    0.4161  -33592.0430  0.3064 
   00348    0.4111  -33645.4102  0.3033 
   00349    0.4218  -33661.0781  0.2995 
   00350    0.4157  -33621.8242  0.3025 
   00351    0.4089  -33613.8477  0.2999 
   00352    0.4175  -33565.6289  0.3017 
   00353    0.4081  -33590.4102  0.3011 
   00354    0.4159  -33596.5195  0.3005 
   00355    0.4258  -33551.7461  0.3047 
   00356    0.4188  -33583.1367  0.3060 
   00357    0.4087  -33605.6875  0.3077 
   00358    0.4143  -33582.7578  0.3104 
   00359    0.4070  -33647.8633  0.3095 
   00360    0.4161  -33654.8047  0.3093 
   00361    0.4177  -33703.9648  0.3092 
   00362    0.4072  -33813.0156  0.3091 
   00363    0.4086  -33751.2930  0.3113 
   00364    0.4141  -33815.4688  0.3093 
   00365    0.4141  -33769.2305  0.3143 
   00366    0.4109  -33840.3906  0.3161 
   00367    0.4037  -33910.3359  0.3149 
   00368    0.4187  -33758.3125  0.3169 
   00369    0.4091  -33747.6133  0.3163 
   00370    0.4059  -33822.9961  0.3188 
   00371    0.4151  -33821.5977  0.3193 
   00372    0.4139  -33830.4766  0.3190 
   00373    0.4049  -33791.0859  0.3192 
   00374    0.4240  -33783.8438  0.3194 
   00375    0.4118  -33727.8867  0.3168 
   00376    0.4012  -33810.0156  0.3161 
   00377    0.4101  -33789.1641  0.3169 
   00378    0.4102  -33757.1719  0.3149 
   00379    0.4129  -33676.3242  0.3128 
   00380    0.4214  -33698.7852  0.3099 
   00381    0.4050  -33680.2070  0.3060 
   00382    0.4131  -33712.8242  0.3071 
   00383    0.4202  -33703.6328  0.3077 
   00384    0.4138  -33728.0117  0.3071 
   00385    0.4154  -33736.1797  0.3064 
   00386    0.4094  -33733.3398  0.3081 
   00387    0.4119  -33757.7266  0.3089 
   00388    0.4121  -33767.7852  0.3114 
   00389    0.4142  -33709.8047  0.3122 
   00390    0.4134  -33765.7109  0.3119 
   00391    0.4160  -33798.6953  0.3109 
   00392    0.4132  -33774.2344  0.3041 
   00393    0.4129  -33840.9922  0.3045 
   00394    0.4174  -33838.4219  0.3077 
   00395    0.4114  -33922.6992  0.3076 
   00396    0.4167  -33898.4180  0.3096 
   00397    0.4080  -33910.1836  0.3113 
   00398    0.4023  -33948.4648  0.3105 
   00399    0.4098  -33836.2812  0.3082 
   00400    0.4102  -33754.9688  0.3047 
   00401    0.4245  -33759.6211  0.3052 
   00402    0.4191  -33737.8750  0.3058 
   00403    0.4117  -33776.0859  0.3040 
   00404    0.4189  -33779.6289  0.3049 
   00405    0.4106  -33791.6641  0.3075 
   00406    0.4153  -33789.4258  0.3087 
   00407    0.4145  -33712.9844  0.3095 
   00408    0.4164  -33714.8125  0.3102 
   00409    0.4217  -33804.0859  0.3103 
   00410    0.4113  -33842.0430  0.3108 
   00411    0.4121  -33835.2266  0.3112 
   00412    0.4298  -33827.2109  0.3115 
   00413    0.4058  -33811.8984  0.3125 
   00414    0.4144  -33771.3828  0.3157 
   00415    0.4202  -33779.5898  0.3136 
   00416    0.4199  -33808.7461  0.3132 
   00417    0.4125  -33795.0508  0.3145 
   00418    0.4123  -33729.0117  0.3151 
   00419    0.4232  -33669.5430  0.3183 
   00420    0.4172  -33673.9219  0.3182 
   00421    0.4191  -33733.3789  0.3204 
   00422    0.4141  -33740.4219  0.3195 
   00423    0.4163  -33710.1875  0.3214 
   00424    0.4210  -33719.2578  0.3226 
   00425    0.4179  -33737.4297  0.3211 
   00426    0.4185  -33692.0156  0.3210 
   00427    0.4123  -33681.7617  0.3207 
   00428    0.4038  -33721.7852  0.3190 
   00429    0.4122  -33713.0078  0.3231 
   00430    0.4114  -33789.9531  0.3231 
   00431    0.4210  -33837.9766  0.3199 
   00432    0.4147  -33847.5977  0.3167 
   00433    0.4192  -33691.7773  0.3153 
   00434    0.4147  -33752.5391  0.3155 
   00435    0.4081  -33716.5898  0.3167 
   00436    0.4129  -33685.8125  0.3179 
   00437    0.4121  -33750.8828  0.3156 
   00438    0.4206  -33713.9883  0.3171 
   00439    0.4080  -33775.0781  0.3182 
   00440    0.4170  -33773.3906  0.3189 
   00441    0.4033  -33833.4922  0.3184 
   00442    0.4139  -33883.4453  0.3150 
   00443    0.4114  -33826.0195  0.3160 
   00444    0.4108  -33784.0508  0.3134 
   00445    0.4050  -33730.2344  0.3128 
   00446    0.4249  -33731.3438  0.3120 
   00447    0.4157  -33630.5391  0.3136 
   00448    0.4136  -33661.2539  0.3132 
   00449    0.4169  -33719.4102  0.3116 
   00450    0.4201  -33685.4688  0.3115 
   00451    0.4184  -33727.6367  0.3107 
   00452    0.4078  -33720.1250  0.3093 
   00453    0.4116  -33598.8789  0.3118 
   00454    0.4231  -33580.5352  0.3111 
   00455    0.4167  -33663.9062  0.3151 
   00456    0.4109  -33678.8477  0.3133 
   00457    0.4140  -33627.5195  0.3124 
   00458    0.4160  -33660.6094  0.3136 
   00459    0.4190  -33648.9062  0.3098 
   00460    0.4202  -33748.6406  0.3073 
   00461    0.4146  -33728.3594  0.3074 
   00462    0.4148  -33739.7617  0.3048 
   00463    0.4146  -33713.9414  0.3026 
   00464    0.4148  -33714.0625  0.3033 
   00465    0.4170  -33705.5039  0.3049 
   00466    0.4069  -33649.9180  0.3039 
   00467    0.4087  -33722.8164  0.3045 
   00468    0.4178  -33684.9922  0.3040 
   00469    0.4069  -33742.4102  0.3023 
   00470    0.4133  -33788.5898  0.3037 
   00471    0.4107  -33835.2773  0.3017 
   00472    0.4151  -33728.5664  0.3023 
   00473    0.4113  -33833.2266  0.3011 
   00474    0.4106  -33870.9258  0.2988 
   00475    0.4168  -33849.2734  0.3003 
   00476    0.4096  -33737.5781  0.3016 
   00477    0.4103  -33856.0859  0.3014 
   00478    0.4044  -33838.5312  0.3009 
   00479    0.4175  -33791.1875  0.3015 
   00480    0.4090  -33915.5703  0.2983 
   00481    0.4154  -33889.6094  0.2971 
   00482    0.4211  -33893.9961  0.2993 
   00483    0.4204  -33803.2383  0.2986 
   00484    0.4105  -33839.4805  0.3000 
   00485    0.4178  -33789.2227  0.2987 
   00486    0.4171  -33766.1094  0.2990 
   00487    0.4154  -33813.9492  0.2986 
   00488    0.4130  -33879.0273  0.2977 
   00489    0.4128  -33850.7734  0.2944 
   00490    0.4149  -33751.5859  0.2955 
   00491    0.4187  -33737.8438  0.3006 
   00492    0.4271  -33605.7539  0.2992 
   00493    0.4240  -33541.8008  0.2975 
   00494    0.4227  -33542.7070  0.2947 
   00495    0.4151  -33595.2539  0.2976 
   00496    0.4120  -33643.3789  0.2996 
   00497    0.4139  -33714.3203  0.3011 
   00498    0.4104  -33704.4023  0.2994 
   00499    0.4093  -33692.6172  0.2984 
   00500    0.4136  -33721.2812  0.2989 
   00501    0.4223  -33735.0586  0.2994 
   00502    0.4171  -33709.3281  0.2987 
   00503    0.4209  -33745.2891  0.2991 
   00504    0.4216  -33679.4609  0.2974 
   00505    0.4129  -33753.8359  0.3005 
   00506    0.4227  -33753.6055  0.2982 
   00507    0.4188  -33790.9648  0.2978 
   00508    0.4157  -33778.1680  0.2985 
   00509    0.4177  -33750.0820  0.2990 
   00510    0.4119  -33759.7773  0.2958 
   00511    0.4054  -33846.3633  0.2997 
   00512    0.4055  -33816.3516  0.3014 
   00513    0.4035  -33823.2891  0.3043 
   00514    0.4181  -33826.4219  0.3027 
   00515    0.4166  -33878.2617  0.3004 
   00516    0.4036  -33883.1953  0.3017 
   00517    0.4179  -33778.5117  0.2970 
   00518    0.4146  -33787.8555  0.2955 
   00519    0.4156  -33763.3672  0.2957 
   00520    0.4099  -33689.6992  0.2959 
   00521    0.4092  -33675.9531  0.2958 
   00522    0.4173  -33666.8438  0.2910 
   00523    0.4208  -33701.7305  0.2899 
   00524    0.4148  -33856.9258  0.2892 
   00525    0.4160  -33862.9531  0.2886 
   00526    0.4128  -33749.5195  0.2893 
   00527    0.4094  -33795.0586  0.2900 
   00528    0.4134  -33744.3555  0.2899 
   00529    0.4043  -33701.7266  0.2901 
   00530    0.4140  -33664.5430  0.2919 
   00531    0.4184  -33649.5078  0.2917 
   00532    0.4106  -33755.8438  0.2934 
   00533    0.4157  -33777.0547  0.2930 
   00534    0.4057  -33779.9023  0.2905 
   00535    0.4255  -33780.9531  0.2907 
   00536    0.4098  -33901.5430  0.2893 
   00537    0.4215  -33823.0234  0.2862 
   00538    0.4155  -33655.4102  0.2899 
   00539    0.4216  -33723.9336  0.2905 
   00540    0.4112  -33834.6914  0.2922 
   00541    0.4174  -33884.2734  0.2945 
   00542    0.4183  -33830.6484  0.2939 
   00543    0.4191  -33913.8477  0.2919 
   00544    0.4071  -33910.8555  0.2923 
   00545    0.4148  -33857.0312  0.2919 
   00546    0.4150  -33809.3359  0.2902 
   00547    0.4061  -33770.0508  0.2931 
   00548    0.4196  -33801.1953  0.2945 
   00549    0.4145  -33872.9648  0.2951 
   00550    0.4167  -33781.8594  0.2933 
   00551    0.4164  -33806.2891  0.2954 
   00552    0.4109  -33867.2422  0.2964 
   00553    0.4068  -33893.7734  0.2968 
   00554    0.4090  -33774.9570  0.2980 
   00555    0.4102  -33713.1328  0.2974 
   00556    0.4053  -33762.9180  0.2962 
   00557    0.4099  -33729.6406  0.3021 
   00558    0.4132  -33749.1172  0.3025 
   00559    0.4219  -33707.8867  0.3027 
   00560    0.4184  -33744.2852  0.3026 
   00561    0.4150  -33903.6523  0.3065 
   00562    0.4210  -33788.6250  0.3103 
   00563    0.4142  -33764.9648  0.3135 
   00564    0.4156  -33806.9570  0.3134 
   00565    0.4031  -33794.6367  0.3131 
   00566    0.4103  -33837.4688  0.3114 
   00567    0.4171  -33884.1562  0.3109 
   00568    0.4148  -33764.9336  0.3069 
   00569    0.4161  -33681.5234  0.3091 
   00570    0.4138  -33740.5469  0.3064 
   00571    0.4043  -33736.8086  0.3069 
   00572    0.4083  -33713.3008  0.3070 
   00573    0.4244  -33698.5508  0.3056 
   00574    0.4212  -33800.0586  0.3060 
   00575    0.4206  -33826.5898  0.3092 
   00576    0.4142  -33746.0273  0.3073 
   00577    0.4146  -33798.6172  0.3071 
   00578    0.4113  -33799.6016  0.3064 
   00579    0.4192  -33717.5352  0.3067 
   00580    0.4183  -33830.8398  0.3048 
   00581    0.4199  -33797.3672  0.3044 
   00582    0.4134  -33799.5586  0.3056 
   00583    0.4120  -33850.7305  0.3061 
   00584    0.4099  -33892.7539  0.3108 
   00585    0.4064  -33901.9102  0.3110 
   00586    0.4138  -33940.4883  0.3101 
   00587    0.4200  -33866.4180  0.3115 
   00588    0.4186  -33892.4375  0.3126 
   00589    0.4138  -33839.3086  0.3155 
   00590    0.4174  -33849.0742  0.3164 
   00591    0.4078  -33861.6133  0.3141 
   00592    0.4138  -33881.0117  0.3160 
   00593    0.4139  -33813.3359  0.3163 
   00594    0.4149  -33823.1641  0.3205 
   00595    0.4129  -33906.9336  0.3209 
   00596    0.4177  -33909.1602  0.3216 
   00597    0.4102  -33935.5469  0.3183 
   00598    0.4149  -33997.6523  0.3163 
   00599    0.4085  -33967.4766  0.3154 
   00600    0.4076  -34049.0938  0.3171 
   00601    0.4122  -33875.1836  0.3137 
   00602    0.4116  -33924.7266  0.3154 
   00603    0.4111  -34001.0742  0.3166 
   00604    0.4160  -33913.7148  0.3177 
   00605    0.4064  -33921.1250  0.3199 
   00606    0.4091  -33901.1641  0.3173 
   00607    0.4278  -33864.1875  0.3168 
   00608    0.4223  -33874.6836  0.3195 
   00609    0.4145  -33885.0312  0.3199 
   00610    0.4121  -33791.2344  0.3189 
   00611    0.4133  -33831.5039  0.3180 
   00612    0.4096  -33867.5391  0.3198 
   00613    0.4150  -33806.6133  0.3195 
   00614    0.4244  -33780.2891  0.3165 
   00615    0.4181  -33819.3086  0.3149 
   00616    0.4113  -33824.2422  0.3124 
   00617    0.4050  -33748.0547  0.3091 
   00618    0.4100  -33887.9609  0.3107 
   00619    0.4092  -33808.1562  0.3104 
   00620    0.4120  -33771.4531  0.3138 
   00621    0.4160  -33724.9883  0.3133 
   00622    0.4141  -33763.0781  0.3153 
   00623    0.4194  -33781.9219  0.3157 
   00624    0.4131  -33742.3164  0.3150 
   00625    0.4159  -33834.8477  0.3146 
   00626    0.4202  -33917.7891  0.3146 
   00627    0.4133  -33912.1289  0.3157 
   00628    0.4078  -33856.3789  0.3132 
   00629    0.4107  -33677.5898  0.3152 
   00630    0.4128  -33818.0898  0.3175 
   00631    0.4168  -33858.9922  0.3175 
   00632    0.4158  -33786.5391  0.3219 
   00633    0.4175  -33860.3086  0.3204 
   00634    0.4029  -34014.9609  0.3183 
   00635    0.4056  -33942.1445  0.3167 
   00636    0.4171  -33905.9727  0.3168 
   00637    0.4101  -33849.1719  0.3162 
   00638    0.4198  -33822.2227  0.3178 
   00639    0.4084  -33868.2539  0.3161 
   00640    0.4109  -33888.3281  0.3139 
   00641    0.4150  -33877.4180  0.3124 
   00642    0.4211  -33913.6211  0.3160 
   00643    0.4167  -33823.3359  0.3161 
   00644    0.4201  -33765.0703  0.3169 
   00645    0.4081  -33839.3945  0.3147 
   00646    0.4177  -33673.0195  0.3116 
   00647    0.4073  -33695.0742  0.3113 
   00648    0.4141  -33677.1289  0.3147 
   00649    0.4167  -33641.9883  0.3154 
   00650    0.4070  -33720.5703  0.3155 
   00651    0.4089  -33749.5586  0.3149 
   00652    0.4125  -33745.1445  0.3157 
   00653    0.4131  -33778.1641  0.3153 
   00654    0.4076  -33952.0703  0.3123 
   00655    0.4127  -33944.9766  0.3118 
   00656    0.4221  -33859.5820  0.3099 
   00657    0.4142  -33761.9453  0.3067 
   00658    0.4242  -33669.7656  0.3076 
   00659    0.4180  -33738.3906  0.3084 
   00660    0.4144  -33755.2188  0.3070 
   00661    0.4137  -33697.9297  0.3090 
   00662    0.4176  -33724.5625  0.3079 
   00663    0.4098  -33634.9102  0.3075 
   00664    0.4138  -33763.5391  0.3030 
   00665    0.4092  -33909.4414  0.3075 
   00666    0.4146  -33872.6836  0.3082 
   00667    0.4100  -33896.3125  0.3068 
   00668    0.4118  -33980.1758  0.3096 
   00669    0.4080  -33961.7188  0.3103 
   00670    0.4104  -33876.7578  0.3145 
   00671    0.4177  -33865.9180  0.3152 
   00672    0.4079  -33809.4961  0.3161 
   00673    0.4054  -33796.8281  0.3133 
   00674    0.4120  -33816.2266  0.3092 
   00675    0.4138  -33816.5430  0.3096 
   00676    0.4152  -33756.7031  0.3118 
   00677    0.4089  -33820.3398  0.3113 
   00678    0.4115  -33823.5234  0.3137 
   00679    0.4117  -33743.7188  0.3129 
   00680    0.4125  -33929.8594  0.3123 
   00681    0.4105  -33937.4922  0.3094 
   00682    0.4122  -33938.2617  0.3105 
   00683    0.4056  -33935.0586  0.3061 
   00684    0.4184  -33943.6914  0.3071 
   00685    0.4206  -33794.9766  0.3064 
   00686    0.4191  -33730.0977  0.3061 
   00687    0.4131  -33717.6797  0.3045 
   00688    0.4084  -33795.3555  0.3060 
   00689    0.4102  -33911.2852  0.3057 
   00690    0.4092  -33842.8945  0.3084 
   00691    0.3998  -33820.7109  0.3091 
   00692    0.4150  -33857.4531  0.3108 
   00693    0.4214  -33705.2109  0.3107 
   00694    0.4016  -33720.5781  0.3112 
   00695    0.4147  -33780.7031  0.3115 
   00696    0.4087  -33802.1250  0.3101 
   00697    0.4103  -33821.6172  0.3121 
   00698    0.4136  -33836.9258  0.3127 
   00699    0.4146  -33886.4531  0.3100 
   00700    0.4085  -33927.2109  0.3094 
   00701    0.4042  -33875.7695  0.3085 
   00702    0.4094  -33938.3750  0.3070 
   00703    0.4154  -33940.6875  0.3054 
   00704    0.4179  -33912.7852  0.3060 
   00705    0.4218  -33862.0352  0.3127 
   00706    0.4180  -33861.3359  0.3123 
   00707    0.4162  -33867.8242  0.3149 
   00708    0.4159  -33851.8789  0.3188 
   00709    0.4079  -33898.8594  0.3163 
   00710    0.4133  -33887.3086  0.3149 
   00711    0.4183  -33967.5391  0.3156 
   00712    0.4130  -33960.3281  0.3154 
   00713    0.4038  -33943.2852  0.3156 
   00714    0.4142  -33969.6133  0.3159 
   00715    0.4083  -34000.1875  0.3180 
   00716    0.4141  -33977.8828  0.3217 
   00717    0.4165  -33873.0898  0.3227 
   00718    0.4220  -33984.5156  0.3215 
   00719    0.4008  -34000.1133  0.3237 
   00720    0.4138  -33992.5586  0.3201 
   00721    0.4183  -34056.0391  0.3203 
   00722    0.4046  -34036.2188  0.3203 
   00723    0.4126  -34020.8125  0.3220 
   00724    0.4070  -34055.7930  0.3223 
   00725    0.4090  -34076.0273  0.3222 
   00726    0.4017  -34066.2461  0.3205 
   00727    0.4131  -33980.3672  0.3218 
   00728    0.4072  -34002.7148  0.3219 
   00729    0.4003  -34033.0820  0.3224 
   00730    0.4085  -34003.0234  0.3195 
   00731    0.4165  -34001.0547  0.3197 
   00732    0.4126  -34037.7812  0.3222 
   00733    0.4090  -33921.0391  0.3188 
   00734    0.4137  -33967.8984  0.3194 
   00735    0.4089  -33962.7539  0.3230 
   00736    0.4106  -33922.2383  0.3252 
   00737    0.4085  -33886.0938  0.3245 
   00738    0.4079  -33832.6016  0.3303 
   00739    0.4168  -33860.9766  0.3302 
   00740    0.4104  -33841.7422  0.3288 
   00741    0.4192  -33892.9727  0.3303 
   00742    0.4120  -33919.3945  0.3292 
   00743    0.4101  -33980.3320  0.3245 
   00744    0.4092  -33934.7266  0.3263 
   00745    0.4177  -33913.5430  0.3257 
   00746    0.4111  -33834.7578  0.3288 
   00747    0.4228  -33916.7461  0.3279 
   00748    0.4126  -33920.8203  0.3234 
   00749    0.4086  -33943.3516  0.3242 
   00750    0.4085  -33835.6289  0.3222 
   00751    0.4028  -33893.6445  0.3220 
   00752    0.4093  -33941.8281  0.3231 
   00753    0.4037  -33970.1445  0.3223 
   00754    0.4234  -33946.2188  0.3243 
   00755    0.4184  -33944.3945  0.3244 
   00756    0.4081  -34014.0938  0.3239 
   00757    0.4102  -33981.1172  0.3271 
   00758    0.4174  -33987.9805  0.3284 
   00759    0.4084  -33943.8008  0.3292 
   00760    0.4122  -33990.4570  0.3276 
   00761    0.4130  -33952.2891  0.3272 
   00762    0.4159  -33858.8047  0.3277 
   00763    0.4079  -33933.0820  0.3276 
   00764    0.4115  -34014.8516  0.3252 
   00765    0.4055  -34014.7773  0.3254 
   00766    0.4118  -33948.7148  0.3236 
   00767    0.4156  -34008.1953  0.3229 
   00768    0.4105  -33996.5898  0.3210 
   00769    0.4191  -33918.2344  0.3214 
   00770    0.4170  -33823.4883  0.3252 
   00771    0.4161  -33760.8477  0.3244 
   00772    0.4046  -33837.8320  0.3263 
   00773    0.4109  -33803.9297  0.3240 
   00774    0.4126  -33774.8281  0.3260 
   00775    0.4135  -33755.1016  0.3266 
   00776    0.4195  -33708.9492  0.3256 
   00777    0.4086  -33807.2617  0.3285 
   00778    0.4174  -33819.4375  0.3254 
   00779    0.4165  -33911.4023  0.3240 
   00780    0.4079  -33993.3164  0.3249 
   00781    0.4088  -34143.6484  0.3251 
   00782    0.4092  -34102.6797  0.3256 
   00783    0.4059  -34051.5312  0.3249 
   00784    0.4213  -34028.9688  0.3218 
   00785    0.4133  -34018.8320  0.3210 
   00786    0.4090  -33972.2930  0.3217 
   00787    0.4119  -34016.7148  0.3193 
   00788    0.4150  -33997.1914  0.3226 
   00789    0.4160  -34105.0781  0.3235 
   00790    0.4082  -34036.9102  0.3245 
   00791    0.4120  -34024.2930  0.3266 
   00792    0.4068  -34045.5039  0.3253 
   00793    0.4144  -33961.6445  0.3251 
   00794    0.4098  -34002.0586  0.3274 
   00795    0.4125  -34002.4609  0.3328 
   00796    0.4005  -33863.2344  0.3323 
   00797    0.4127  -33960.5664  0.3290 
   00798    0.4078  -33976.7891  0.3285 
   00799    0.4202  -34068.0977  0.3298 
   00800    0.4124  -34010.0195  0.3287 
   00801    0.4111  -33957.5430  0.3262 
   00802    0.4166  -33934.4688  0.3263 
   00803    0.4055  -33964.6172  0.3250 
   00804    0.4233  -33931.7422  0.3237 
   00805    0.4125  -33903.5000  0.3256 
   00806    0.4116  -33936.9492  0.3237 
   00807    0.4152  -33916.9297  0.3257 
   00808    0.4067  -33879.0703  0.3256 
   00809    0.4178  -33878.2891  0.3283 
   00810    0.4145  -34018.9336  0.3311 
   00811    0.4081  -34008.4219  0.3325 
   00812    0.4184  -34054.8047  0.3297 
   00813    0.4098  -34005.3047  0.3328 
   00814    0.4101  -33989.7070  0.3336 
   00815    0.4099  -33900.6016  0.3363 
   00816    0.4086  -33878.5391  0.3364 
   00817    0.4088  -33909.1328  0.3362 
   00818    0.4094  -33864.8359  0.3351 
   00819    0.4120  -33944.5156  0.3356 
   00820    0.4026  -33946.4258  0.3358 
   00821    0.4074  -33971.1211  0.3346 
   00822    0.4148  -33896.1250  0.3331 
   00823    0.4090  -33879.1172  0.3341 
   00824    0.4065  -33916.4727  0.3343 
   00825    0.4237  -33877.5078  0.3319 
   00826    0.4166  -33914.3047  0.3312 
   00827    0.4201  -33939.4180  0.3311 
   00828    0.4116  -33945.2539  0.3295 
   00829    0.4149  -33922.6523  0.3277 
   00830    0.4123  -33853.6523  0.3294 
   00831    0.4213  -33781.9219  0.3324 
   00832    0.4039  -33861.6250  0.3316 
   00833    0.4101  -33830.9336  0.3302 
   00834    0.4194  -33799.4141  0.3301 
   00835    0.4121  -33791.5352  0.3318 
   00836    0.4164  -33825.1289  0.3343 
   00837    0.4095  -33808.8516  0.3348 
   00838    0.4147  -33780.9375  0.3361 
   00839    0.4221  -33777.5195  0.3325 
   00840    0.4197  -33845.8789  0.3323 
   00841    0.4088  -33848.6602  0.3320 
   00842    0.4162  -33922.2617  0.3274 
   00843    0.4117  -33926.0742  0.3264 
   00844    0.4097  -33925.2305  0.3274 
   00845    0.4127  -34024.3203  0.3305 
   00846    0.4037  -33998.9805  0.3310 
   00847    0.4116  -33993.8164  0.3338 
   00848    0.4117  -33886.8594  0.3364 
   00849    0.4125  -33896.9883  0.3335 
   00850    0.4155  -33848.6836  0.3309 
   00851    0.4028  -33932.6914  0.3361 
   00852    0.4033  -33934.2617  0.3356 
   00853    0.4028  -33849.3008  0.3336 
   00854    0.4119  -33838.1211  0.3343 
   00855    0.4111  -33931.7227  0.3338 
   00856    0.4137  -34007.9688  0.3375 
   00857    0.4091  -34054.3125  0.3354 
   00858    0.4076  -34091.2500  0.3369 
   00859    0.4130  -34019.3750  0.3382 
   00860    0.4168  -33929.8320  0.3369 
   00861    0.4146  -34003.7852  0.3377 
   00862    0.4151  -34010.6836  0.3367 
   00863    0.4146  -34003.9297  0.3359 
   00864    0.4123  -33973.2070  0.3422 
   00865    0.4084  -34018.7227  0.3398 
   00866    0.4080  -33997.3750  0.3413 
   00867    0.4091  -33922.8594  0.3390 
   00868    0.4158  -33978.1055  0.3417 
   00869    0.4182  -34002.6680  0.3404 
   00870    0.4119  -33910.0703  0.3388 
   00871    0.4163  -33911.7969  0.3408 
   00872    0.4134  -33973.0039  0.3420 
   00873    0.4146  -33939.3281  0.3403 
   00874    0.4151  -34027.3008  0.3374 
   00875    0.4104  -33955.9766  0.3380 
   00876    0.4092  -33931.1172  0.3383 
   00877    0.4097  -33898.1211  0.3349 
   00878    0.4150  -33825.0664  0.3359 
   00879    0.4132  -33889.7461  0.3334 
   00880    0.4171  -33899.3633  0.3342 
   00881    0.4119  -33966.8789  0.3323 
   00882    0.4156  -33851.7656  0.3348 
   00883    0.4179  -33809.4258  0.3349 
   00884    0.4152  -33821.8672  0.3332 
   00885    0.4168  -33779.0078  0.3320 
   00886    0.4107  -33858.6289  0.3320 
   00887    0.4057  -33783.8555  0.3304 
   00888    0.4158  -33817.5547  0.3309 
   00889    0.4145  -33877.0352  0.3265 
   00890    0.4123  -33947.4102  0.3277 
   00891    0.4163  -34024.1992  0.3307 
   00892    0.4138  -33894.7500  0.3325 
   00893    0.4120  -33841.1406  0.3299 
   00894    0.4161  -33883.6602  0.3298 
   00895    0.4108  -33866.4219  0.3323 
   00896    0.4204  -33880.5352  0.3314 
   00897    0.4098  -33921.6562  0.3341 
   00898    0.4176  -33817.7422  0.3356 
   00899    0.4131  -33902.0742  0.3360 
   00900    0.4139  -33961.0781  0.3335 
   00901    0.4029  -33895.6875  0.3340 
   00902    0.4205  -33830.2656  0.3335 
   00903    0.4105  -33896.0195  0.3353 
   00904    0.4122  -34000.3164  0.3362 
   00905    0.4089  -33871.5352  0.3387 
   00906    0.4073  -33936.2539  0.3407 
   00907    0.4067  -33980.5938  0.3427 
   00908    0.4116  -34003.1484  0.3438 
   00909    0.4146  -33948.8438  0.3419 
   00910    0.4096  -33952.2109  0.3414 
   00911    0.4119  -33852.0039  0.3403 
   00912    0.4104  -33999.0547  0.3400 
   00913    0.4050  -33979.4102  0.3394 
   00914    0.4163  -34002.1797  0.3422 
   00915    0.4116  -33976.3125  0.3431 
   00916    0.4127  -34027.6562  0.3429 
   00917    0.4044  -33968.1133  0.3453 
   00918    0.4111  -34011.9219  0.3445 
   00919    0.4177  -34010.4844  0.3440 
   00920    0.4013  -33972.5586  0.3425 
   00921    0.4022  -33954.9375  0.3422 
   00922    0.4170  -33951.0547  0.3412 
   00923    0.4170  -33884.7148  0.3433 
   00924    0.4146  -33884.2266  0.3423 
   00925    0.4162  -33966.2812  0.3456 
   00926    0.4071  -34010.6836  0.3451 
   00927    0.4128  -33938.7266  0.3484 
   00928    0.4072  -34028.3398  0.3480 
   00929    0.4082  -34036.9570  0.3493 
   00930    0.4105  -33986.8477  0.3508 
   00931    0.4127  -34066.8477  0.3516 
   00932    0.4193  -34042.7422  0.3506 
   00933    0.4136  -34092.9570  0.3507 
   00934    0.4195  -34012.0469  0.3501 
   00935    0.4153  -34033.4922  0.3463 
   00936    0.4180  -34073.0664  0.3492 
   00937    0.4091  -34114.2070  0.3523 
   00938    0.4172  -34077.6797  0.3509 
   00939    0.4148  -34032.6758  0.3528 
   00940    0.4042  -34082.4023  0.3528 
   00941    0.4102  -34003.8711  0.3504 
   00942    0.4074  -34054.3750  0.3519 
   00943    0.4096  -34000.0117  0.3477 
   00944    0.4068  -33974.4297  0.3430 
   00945    0.4102  -34102.8711  0.3438 
   00946    0.4199  -34010.6484  0.3436 
   00947    0.4136  -33990.5664  0.3435 
   00948    0.4092  -33915.9844  0.3480 
   00949    0.4168  -33933.5547  0.3460 
   00950    0.4166  -33948.3711  0.3448 
   00951    0.4085  -33897.2500  0.3427 
   00952    0.4216  -33907.2969  0.3443 
   00953    0.4176  -33965.8750  0.3450 
   00954    0.4175  -33927.3359  0.3435 
   00955    0.4184  -33975.9297  0.3454 
   00956    0.4120  -34017.1602  0.3478 
   00957    0.4107  -33951.1289  0.3500 
   00958    0.4041  -34016.3164  0.3522 
   00959    0.4119  -34036.3398  0.3483 
   00960    0.4071  -34097.6445  0.3518 
   00961    0.4194  -34015.9844  0.3503 
   00962    0.4122  -33982.6680  0.3504 
   00963    0.4108  -33936.1875  0.3509 
   00964    0.4263  -33888.6758  0.3498 
   00965    0.4093  -33861.9570  0.3508 
   00966    0.4113  -33831.5312  0.3487 
   00967    0.4150  -33915.7695  0.3478 
   00968    0.4131  -33887.6562  0.3470 
   00969    0.4191  -33900.6836  0.3479 
   00970    0.4050  -33961.5117  0.3457 
   00971    0.4097  -33948.3555  0.3442 
   00972    0.4069  -33958.0977  0.3396 
   00973    0.4215  -33978.2578  0.3424 
   00974    0.4195  -33926.8242  0.3412 
   00975    0.4123  -33977.8281  0.3436 
   00976    0.4130  -34023.9570  0.3418 
   00977    0.4050  -34080.4688  0.3405 
   00978    0.4056  -34086.6562  0.3402 
   00979    0.4145  -34148.6602  0.3401 
   00980    0.4123  -34064.2773  0.3392 
   00981    0.4089  -34100.3789  0.3405 
   00982    0.4082  -34007.2109  0.3388 
   00983    0.4132  -33974.5781  0.3388 
   00984    0.4153  -33946.2148  0.3395 
   00985    0.4109  -33930.1602  0.3428 
   00986    0.4189  -33945.4102  0.3416 
   00987    0.4049  -34032.9336  0.3406 
   00988    0.4127  -34026.5586  0.3359 
   00989    0.4072  -33969.6836  0.3401 
   00990    0.4130  -34021.3008  0.3395 
   00991    0.4146  -34009.3945  0.3369 
   00992    0.4077  -34051.3906  0.3335 
   00993    0.4102  -33958.2617  0.3326 
   00994    0.4073  -34053.3750  0.3333 
   00995    0.4063  -34116.4922  0.3347 
   00996    0.4167  -34089.8281  0.3364 
   00997    0.4117  -34117.7227  0.3385 
   00998    0.4195  -34117.6055  0.3403 
   00999    0.4144  -34014.1172  0.3362 
   01000    0.4088  -34097.8008  0.3382 
